Bus data: 57

Existing lines: 80
Bfr Bto Nc X Cap. Cost
       1       2       1          0.028         1005.0     0.0
       2       3       1          0.085          326.0     0.0
       3       4       1         0.0366          767.0     0.0
       4       5       1          0.132          201.0     0.0
       4       6       1          0.148          191.0     0.0
       6       7       1          0.102          283.0     0.0
       6       8       1          0.173          167.0     0.0
       8       9       1         0.0505          570.0     0.0
       9      10       1         0.1679          171.0     0.0
       9      11       1         0.0848          331.0     0.0
       9      12       1          0.295           98.0     0.0
       9      13       1          0.158          178.0     0.0
      13      14       1         0.0434          647.0     0.0
      13      15       1         0.0869          323.0     0.0
       1      15       1          0.091          317.0     0.0
       1      16       1          0.206          140.0     0.0
       1      17       1          0.108          266.0     0.0
       3      15       1          0.053          530.0     0.0
       4      18       1          0.555           53.0     0.0
       4      18       1           0.43           69.0     0.0
       5       6       1         0.0641          414.0     0.0
       7       8       1         0.0712          405.0     0.0
      10      12       1         0.1262          228.0     0.0
      11      13       1         0.0732          384.0     0.0
      12      13       1          0.058          484.0     0.0
      12      16       1         0.0813          353.0     0.0
      12      17       1          0.179          160.0     0.0
      14      15       1         0.0547          512.0     0.0
      18      19       1          0.685           36.0     0.0
      19      20       1          0.434           57.0     0.0
      21      20       1         0.7767           38.0     0.0
      21      22       1          0.117          213.0     0.0
      22      23       1         0.0152         1617.0     0.0
      23      24       1          0.256           97.0     0.0
      24      25       1          1.182           25.0     0.0
      24      25       1           1.23           24.0     0.0
      24      26       1         0.0473          621.0     0.0
      26      27       1          0.254           97.0     0.0
      27      28       1         0.0954          259.0     0.0
      28      29       1         0.0587          408.0     0.0
       7      29       1         0.0648          453.0     0.0
      25      30       1          0.202          121.0     0.0
      30      31       1          0.497           50.0     0.0
      31      32       1          0.755           33.0     0.0
      32      33       1          0.036          552.0     0.0
      34      32       1          0.953           31.0     0.0
      34      35       1          0.078          313.0     0.0
      35      36       1         0.0537          427.0     0.0
      36      37       1         0.0366          629.0     0.0
      37      38       1         0.1009          245.0     0.0
      37      39       1         0.0379          655.0     0.0
      36      40       1         0.0466          530.0     0.0
      22      38       1         0.0295          834.0     0.0
      11      41       1          0.749           40.0     0.0
      41      42       1          0.352           72.0     0.0
      41      43       1          0.412           72.0     0.0
      38      44       1         0.0585          450.0     0.0
      15      45       1         0.1042          282.0     0.0
      14      46       1         0.0735          400.0     0.0
      46      47       1          0.068          409.0     0.0
      47      48       1         0.0233          993.0     0.0
      48      49       1          0.129          191.0     0.0
      49      50       1          0.128          195.0     0.0
      50      51       1           0.22          113.0     0.0
      10      51       1         0.0712          412.0     0.0
      13      49       1          0.191          154.0     0.0
      29      52       1          0.187          125.0     0.0
      52      53       1         0.0984          236.0     0.0
      53      54       1          0.232           99.0     0.0
      54      55       1         0.2265          103.0     0.0
      11      43       1          0.153          192.0     0.0
      44      45       1         0.1242          212.0     0.0
      40      56       1          1.195           25.0     0.0
      56      41       1          0.549           38.0     0.0
      56      42       1          0.354           72.0     0.0
      39      57       1          1.355           22.0     0.0
      57      56       1           0.26           94.0     0.0
      38      49       1          0.177          139.0     0.0
      38      48       1         0.0482          511.0     0.0
       9      55       1         0.1205          244.0     0.0

Candidate lines: 80
Bfr Bto Nc X Cap. Cost
       1       2       1          0.028         1005.0            2.8
       2       3       1          0.085          326.0            8.5
       3       4       1         0.0366          767.0           3.66
       4       5       1          0.132          201.0           13.2
       4       6       1          0.148          191.0           14.8
       6       7       1          0.102          283.0           10.2
       6       8       1          0.173          167.0           17.3
       8       9       1         0.0505          570.0           5.05
       9      10       1         0.1679          171.0          16.79
       9      11       1         0.0848          331.0           8.48
       9      12       1          0.295           98.0           29.5
       9      13       1          0.158          178.0           15.8
      13      14       1         0.0434          647.0           4.34
      13      15       1         0.0869          323.0           8.69
       1      15       1          0.091          317.0            9.1
       1      16       1          0.206          140.0           20.6
       1      17       1          0.108          266.0           10.8
       3      15       1          0.053          530.0            5.3
       4      18       1          0.555           53.0           55.5
       4      18       1           0.43           69.0           43.0
       5       6       1         0.0641          414.0           6.41
       7       8       1         0.0712          405.0           7.12
      10      12       1         0.1262          228.0          12.62
      11      13       1         0.0732          384.0           7.32
      12      13       1          0.058          484.0            5.8
      12      16       1         0.0813          353.0           8.13
      12      17       1          0.179          160.0           17.9
      14      15       1         0.0547          512.0           5.47
      18      19       1          0.685           36.0           68.5
      19      20       1          0.434           57.0           43.4
      21      20       1         0.7767           38.0          77.67
      21      22       1          0.117          213.0           11.7
      22      23       1         0.0152         1617.0           1.52
      23      24       1          0.256           97.0           25.6
      24      25       1          1.182           25.0          118.2
      24      25       1           1.23           24.0          123.0
      24      26       1         0.0473          621.0           4.73
      26      27       1          0.254           97.0           25.4
      27      28       1         0.0954          259.0           9.54
      28      29       1         0.0587          408.0           5.87
       7      29       1         0.0648          453.0           6.48
      25      30       1          0.202          121.0           20.2
      30      31       1          0.497           50.0           49.7
      31      32       1          0.755           33.0           75.5
      32      33       1          0.036          552.0            3.6
      34      32       1          0.953           31.0           95.3
      34      35       1          0.078          313.0            7.8
      35      36       1         0.0537          427.0           5.37
      36      37       1         0.0366          629.0           3.66
      37      38       1         0.1009          245.0          10.09
      37      39       1         0.0379          655.0           3.79
      36      40       1         0.0466          530.0           4.66
      22      38       1         0.0295          834.0           2.95
      11      41       1          0.749           40.0           74.9
      41      42       1          0.352           72.0           35.2
      41      43       1          0.412           72.0           41.2
      38      44       1         0.0585          450.0           5.85
      15      45       1         0.1042          282.0          10.42
      14      46       1         0.0735          400.0           7.35
      46      47       1          0.068          409.0            6.8
      47      48       1         0.0233          993.0           2.33
      48      49       1          0.129          191.0           12.9
      49      50       1          0.128          195.0           12.8
      50      51       1           0.22          113.0           22.0
      10      51       1         0.0712          412.0           7.12
      13      49       1          0.191          154.0           19.1
      29      52       1          0.187          125.0           18.7
      52      53       1         0.0984          236.0           9.84
      53      54       1          0.232           99.0           23.2
      54      55       1         0.2265          103.0          22.65
      11      43       1          0.153          192.0           15.3
      44      45       1         0.1242          212.0          12.42
      40      56       1          1.195           25.0          119.5
      56      41       1          0.549           38.0           54.9
      56      42       1          0.354           72.0           35.4
      39      57       1          1.355           22.0          135.5
      57      56       1           0.26           94.0           26.0
      38      49       1          0.177          139.0           17.7
      38      48       1         0.0482          511.0           4.82
       9      55       1         0.1205          244.0          12.05

Generation and demand by bus: 42
Bus G1 D1
       1          122.5           55.0
       2            0.0            3.0
       3           30.0           41.0
       5            0.0           13.0
       6            0.0           75.0
       8          579.5          150.0
       9            0.0          121.0
      10            0.0            5.0
      12          259.5          377.0
      13            0.0           18.0
      14            0.0           10.5
      15            0.0           22.0
      16            0.0           43.0
      17            0.0           42.0
      18            0.0           27.2
      19            0.0            3.3
      20            0.0            2.3
      23            0.0            6.3
      25            0.0            6.3
      27            0.0            9.3
      28            0.0            4.6
      29            0.0           17.0
      30            0.0            3.6
      31            0.0            5.8
      32            0.0            1.6
      33            0.0            3.8
      35            0.0            6.0
      38            0.0           14.0
      41            0.0            6.3
      42            0.0            7.1
      43            0.0            2.0
      44            0.0           12.0
      47            0.0           29.7
      49            0.0           18.0
      50            0.0           21.0
      51            0.0           18.0
      52            0.0            4.9
      53            0.0           20.0
      54            0.0            4.1
      55            0.0            6.8
      56            0.0            7.6
      57            0.0            6.7
