Bus data: 200

Existing circuits: 245
Bfr Bto Nc X Cap. Cost
       2       1       1        0.00334          100.0     0.0
       1     119       1        0.11976          221.1     0.0
     124       1       1        0.03627          221.1     0.0
     193       1       1         0.0275          221.1     0.0
       4       3       1         0.0033          100.0     0.0
      57       3       1         0.0581          221.1     0.0
       3     137       1        0.03804          221.1     0.0
       6       5       1        0.00334          100.0     0.0
      48       5       1        0.04351          221.1     0.0
       5      64       1        0.05488          221.1     0.0
       8       7       1        0.00319          100.0     0.0
       7      86       1        0.02426          221.1     0.0
       7     101       1        0.02323          221.1     0.0
       7     148       1        0.05598          221.1     0.0
      10       9       1        0.00397          100.0     0.0
       9     124       1        0.05512          221.1     0.0
     131       9       1        0.02673          221.1     0.0
       9     141       1        0.03097          221.1     0.0
       9     193       1        0.02524          221.1     0.0
      12      11       1        0.00353          100.0     0.0
      13      11       1        0.00361          100.0     0.0
      11      15       1        0.06722          221.1     0.0
      11      93       1        0.12814          221.1     0.0
     158      11       1         0.0582          221.1     0.0
      15      14       1        0.02753          300.0     0.0
      14     121       1         0.0501         402.36     0.0
      14     149       1        0.06524         402.36     0.0
      16      15       1         0.0032          100.0     0.0
      18      17       1        0.00393          100.0     0.0
      19      17       1        0.00308          100.0     0.0
      20      17       1        0.00334          100.0     0.0
      21      17       1        0.00394          100.0     0.0
     109      17       1         0.0682          221.1     0.0
      17     120       1        0.07047          221.1     0.0
      23      22       1        0.00322          100.0     0.0
      24      22       1        0.00307          100.0     0.0
      22      27       1        0.07349          221.1     0.0
     158      22       1        0.08677          221.1     0.0
      26      25       1        0.00307          100.0     0.0
      25      64       1        0.05324          221.1     0.0
     199      25       1          0.064          221.1     0.0
      28      27       1        0.00396          100.0     0.0
      27      93       1        0.17536          221.1     0.0
      27     158       1        0.13194          221.1     0.0
      30      29       1        0.00313          100.0     0.0
     124      29       1        0.03874          221.1     0.0
      29     140       1          0.055          221.1     0.0
      32      31       1        0.00388          100.0     0.0
      33      31       1        0.00364          100.0     0.0
     177      31       1        0.05856          221.1     0.0
     192      31       1        0.05525          221.1     0.0
      35      34       1        0.00367          100.0     0.0
      34      54       1        0.04282          221.1     0.0
      34     137       1        0.04464          221.1     0.0
      37      36       1        0.00333          100.0     0.0
      38      36       1        0.00351          100.0     0.0
      58      36       1        0.07439          221.1     0.0
      83      36       1        0.06699          221.1     0.0
      40      39       1         0.0031          100.0     0.0
      39      85       1        0.06062          221.1     0.0
     159      39       1        0.05108          221.1     0.0
      41     100       1        0.02968          221.1     0.0
      41     163       1        0.02162          221.1     0.0
      41     180       1        0.06077          221.1     0.0
      44      42       1        0.08538          221.1     0.0
     181      42       1        0.05579          221.1     0.0
      43      84       1         0.0513          221.1     0.0
      43     132       1         0.0755          221.1     0.0
      44     200       1         0.1012          221.1     0.0
      46      45       1         0.0492          160.0     0.0
      55      45       1        0.01853         402.36     0.0
     102      45       1        0.02072         402.36     0.0
      45     187       1        0.02482         402.36     0.0
      61      46       1        0.04856          221.1     0.0
     122      46       1        0.06542          221.1     0.0
      47      54       1        0.04562          221.1     0.0
      47      66       1         0.0474          221.1     0.0
      49      48       1        0.53202           28.9     0.0
      50      48       1        0.40417           28.7     0.0
      51      48       1        0.61271           24.3     0.0
      52      48       1        0.37982           24.3     0.0
      53      48       1        0.57655           35.3     0.0
      48      74       1        0.05437          221.1     0.0
      54      66       1        0.04554          221.1     0.0
      56      55       1        0.12465          160.0     0.0
      81      55       1        0.03905         402.36     0.0
      55     102       1         0.0089         402.36     0.0
      55     112       1        0.02976         402.36     0.0
      55     128       1         0.0244         402.36     0.0
      56     103       1        0.02983          221.1     0.0
      57     159       1        0.05137          221.1     0.0
      95      58       1        0.06353          221.1     0.0
     177      58       1        0.09597          221.1     0.0
      59     119       1         0.0724          221.1     0.0
      59     139       1        0.06243          221.1     0.0
      60      97       1        0.07928          221.1     0.0
     134      60       1        0.06275          221.1     0.0
      61     103       1        0.04556          221.1     0.0
     159      62       1        0.05898          221.1     0.0
     160      62       1        0.05314          221.1     0.0
      63      66       1        0.08324          221.1     0.0
      63     184       1        0.11602          221.1     0.0
      65      64       1        0.10157          195.5     0.0
      67      66       1        0.14479           30.0     0.0
      68      66       1          0.265           73.0     0.0
      69      66       1        0.09499           70.5     0.0
      70      66       1        0.19945           70.5     0.0
      71      66       1        0.08154           68.0     0.0
      72      66       1         0.0746           68.0     0.0
      73      66       1        0.14642           65.0     0.0
      66     158       1        0.03225          221.1     0.0
      74     190       1        0.06076          221.1     0.0
      76      75       1        0.78433           24.3     0.0
      77      75       1        2.19211            7.4     0.0
      78      75       1        0.18141           65.0     0.0
      79      75       1        0.27777           62.1     0.0
     108      75       1        0.07097          221.1     0.0
      75     157       1        0.08711          221.1     0.0
      80     100       1        0.14952          221.1     0.0
      80     143       1        0.14347          221.1     0.0
      82      81       1        0.04237          250.0     0.0
      81     178       1        0.04714         402.36     0.0
      82     195       1        0.02626          221.1     0.0
      83     146       1        0.03677          221.1     0.0
      83     186       1        0.05517          221.1     0.0
      84     113       1        0.04544          221.1     0.0
      85     120       1        0.05029          221.1     0.0
      86     101       1        0.03307          221.1     0.0
     142      86       1        0.02314          221.1     0.0
      86     193       1        0.04266          221.1     0.0
      88      87       1        0.03419          350.0     0.0
     149      87       1        0.01158         402.36     0.0
      88     150       1        0.03597          221.1     0.0
     176      88       1        0.02492          221.1     0.0
      88     194       1        0.02909          221.1     0.0
      90      89       1        2.27992            8.6     0.0
      91      89       1        0.50342           32.0     0.0
      92      89       1        0.36204           35.3     0.0
      89      95       1        0.05641          221.1     0.0
     188      89       1          0.052          221.1     0.0
      94      93       1         0.2806           62.1     0.0
      93     191       1        0.14266          221.1     0.0
     122      96       1        0.07399          221.1     0.0
      96     143       1        0.10242          221.1     0.0
      96     188       1        0.07042          221.1     0.0
      97     200       1        0.08512          221.1     0.0
      99      98       1        0.03052          250.0     0.0
      98     123       1        0.03357         402.36     0.0
      99     142       1        0.05298          221.1     0.0
     100     174       1        0.07453          221.1     0.0
     100     179       1        0.04941          221.1     0.0
     100     184       1        0.08879          221.1     0.0
     110     101       1        0.01266          221.1     0.0
     101     117       1        0.03583          221.1     0.0
     101     141       1         0.0203          221.1     0.0
     103     102       1        0.05458          250.0     0.0
     104     102       1        0.08775          130.0     0.0
     105     102       1        0.05942          260.0     0.0
     102     128       1        0.01929         402.36     0.0
     103     106       1        0.05399          221.1     0.0
     130     106       1        0.04776          221.1     0.0
     107     113       1         0.0461          221.1     0.0
     107     129       1        0.03531          221.1     0.0
     192     107       1        0.02544          221.1     0.0
     108     198       1        0.16013          221.1     0.0
     186     109       1        0.05994          221.1     0.0
     110     193       1        0.02224          221.1     0.0
     163     111       1        0.03411          221.1     0.0
     111     175       1        0.05539          221.1     0.0
     113     112       1        0.05862          350.0     0.0
     114     112       1        0.43401           20.0     0.0
     115     112       1        0.06277          200.0     0.0
     128     112       1        0.00925         402.36     0.0
     113     192       1          0.035          221.1     0.0
     117     116       1        0.03494          300.0     0.0
     133     116       1        0.02779         402.36     0.0
     117     132       1        0.08298          221.1     0.0
     117     162       1        0.10444          221.1     0.0
     131     118       1        0.04638          221.1     0.0
     118     134       1         0.0808          221.1     0.0
     118     198       1        0.06481          221.1     0.0
     122     121       1        0.06302          200.0     0.0
     121     178       1         0.0636         402.36     0.0
     187     121       1        0.00759         402.36     0.0
     124     123       1        0.01748          400.0     0.0
     125     123       1        0.10456          170.0     0.0
     126     123       1        0.06604          170.0     0.0
     127     123       1        0.03169          170.0     0.0
     123     133       1        0.01042         402.36     0.0
     156     123       1        0.00798         402.36     0.0
     124     193       1        0.04582          221.1     0.0
     129     128       1        0.04445          250.0     0.0
     128     133       1        0.06826         402.36     0.0
     130     144       1        0.15799          221.1     0.0
     134     133       1        0.01333          400.0     0.0
     135     133       1        0.03351          580.0     0.0
     136     133       1        0.02748          580.0     0.0
     156     133       1        0.01398         402.36     0.0
     134     140       1        0.07136          221.1     0.0
     134     186       1        0.09341          221.1     0.0
     138     139       1        0.18446          221.1     0.0
     138     195       1        0.05637          221.1     0.0
     141     148       1        0.06582          221.1     0.0
     141     193       1         0.0187          221.1     0.0
     162     144       1         0.0485          221.1     0.0
     145     176       1        0.06011          221.1     0.0
     185     145       1        0.07551          221.1     0.0
     147     146       1        0.10181          130.6     0.0
     146     177       1        0.07708          221.1     0.0
     150     149       1        0.02025          400.0     0.0
     151     149       1        0.62552           20.0     0.0
     152     149       1        0.14169          100.0     0.0
     153     149       1         0.1846          100.0     0.0
     154     149       1        0.10294          100.0     0.0
     155     149       1        0.09984          100.0     0.0
     185     150       1        0.09193          221.1     0.0
     194     150       1        0.02144          221.1     0.0
     157     156       1        0.04565          300.0     0.0
     161     160       1        0.08029          180.2     0.0
     160     181       1        0.02934          221.1     0.0
     164     163       1        0.11301           58.1     0.0
     165     163       1        0.30166           65.0     0.0
     166     163       1        0.38208           42.0     0.0
     167     163       1         0.1965           42.0     0.0
     168     163       1        0.49098           40.0     0.0
     169     163       1        0.39642           40.0     0.0
     170     163       1         0.3749           35.6     0.0
     163     179       1        0.03956          221.1     0.0
     171     190       1         0.0674          221.1     0.0
     195     171       1        0.08112          221.1     0.0
     180     172       1        0.10656          221.1     0.0
     199     172       1        0.15504          221.1     0.0
     173     174       1        0.09929          221.1     0.0
     173     175       1        0.05536          221.1     0.0
     174     188       1        0.12264          221.1     0.0
     179     178       1        0.03616          250.0     0.0
     180     191       1        0.18387          221.1     0.0
     180     199       1         0.0787          221.1     0.0
     182     181       1        0.29775           60.3     0.0
     183     181       1        0.11425           65.0     0.0
     181     194       1        0.02838          221.1     0.0
     188     187       1        0.04476          400.0     0.0
     189     187       1        0.00782          740.0     0.0
     196     195       1        0.06004           87.7     0.0
     197     195       1        0.19148           87.7     0.0

Candidate circuits: 245
Bfr Bto Nc X Cap. Cost
       2       1       1        0.00334          100.0         0.3339
       1     119       1        0.11976          221.1        11.9758
     124       1       1        0.03627          221.1         3.6268
     193       1       1         0.0275          221.1         2.7501
       4       3       1         0.0033          100.0         0.3303
      57       3       1         0.0581          221.1         5.8098
       3     137       1        0.03804          221.1         3.8035
       6       5       1        0.00334          100.0         0.3337
      48       5       1        0.04351          221.1         4.3513
       5      64       1        0.05488          221.1         5.4875
       8       7       1        0.00319          100.0         0.3189
       7      86       1        0.02426          221.1         2.4259
       7     101       1        0.02323          221.1         2.3232
       7     148       1        0.05598          221.1          5.598
      10       9       1        0.00397          100.0         0.3967
       9     124       1        0.05512          221.1         5.5123
     131       9       1        0.02673          221.1         2.6732
       9     141       1        0.03097          221.1          3.097
       9     193       1        0.02524          221.1         2.5244
      12      11       1        0.00353          100.0         0.3533
      13      11       1        0.00361          100.0         0.3606
      11      15       1        0.06722          221.1          6.722
      11      93       1        0.12814          221.1        12.8141
     158      11       1         0.0582          221.1         5.8199
      15      14       1        0.02753          300.0         2.7526
      14     121       1         0.0501         402.36         5.0098
      14     149       1        0.06524         402.36         6.5244
      16      15       1         0.0032          100.0           0.32
      18      17       1        0.00393          100.0         0.3926
      19      17       1        0.00308          100.0         0.3079
      20      17       1        0.00334          100.0         0.3339
      21      17       1        0.00394          100.0          0.394
     109      17       1         0.0682          221.1         6.8198
      17     120       1        0.07047          221.1         7.0473
      23      22       1        0.00322          100.0         0.3222
      24      22       1        0.00307          100.0         0.3067
      22      27       1        0.07349          221.1         7.3494
     158      22       1        0.08677          221.1         8.6769
      26      25       1        0.00307          100.0         0.3071
      25      64       1        0.05324          221.1         5.3244
     199      25       1          0.064          221.1         6.4003
      28      27       1        0.00396          100.0         0.3964
      27      93       1        0.17536          221.1        17.5362
      27     158       1        0.13194          221.1        13.1945
      30      29       1        0.00313          100.0         0.3131
     124      29       1        0.03874          221.1         3.8742
      29     140       1          0.055          221.1         5.5004
      32      31       1        0.00388          100.0         0.3884
      33      31       1        0.00364          100.0         0.3639
     177      31       1        0.05856          221.1          5.856
     192      31       1        0.05525          221.1          5.525
      35      34       1        0.00367          100.0         0.3674
      34      54       1        0.04282          221.1         4.2819
      34     137       1        0.04464          221.1         4.4639
      37      36       1        0.00333          100.0         0.3328
      38      36       1        0.00351          100.0         0.3511
      58      36       1        0.07439          221.1          7.439
      83      36       1        0.06699          221.1         6.6986
      40      39       1         0.0031          100.0         0.3103
      39      85       1        0.06062          221.1         6.0625
     159      39       1        0.05108          221.1          5.108
      41     100       1        0.02968          221.1         2.9676
      41     163       1        0.02162          221.1         2.1623
      41     180       1        0.06077          221.1         6.0766
      44      42       1        0.08538          221.1         8.5383
     181      42       1        0.05579          221.1          5.579
      43      84       1         0.0513          221.1         5.1295
      43     132       1         0.0755          221.1         7.5503
      44     200       1         0.1012          221.1        10.1195
      46      45       1         0.0492          160.0         4.9195
      55      45       1        0.01853         402.36         1.8527
     102      45       1        0.02072         402.36         2.0715
      45     187       1        0.02482         402.36         2.4821
      61      46       1        0.04856          221.1         4.8561
     122      46       1        0.06542          221.1         6.5419
      47      54       1        0.04562          221.1         4.5623
      47      66       1         0.0474          221.1         4.7401
      49      48       1        0.53202           28.9        53.2021
      50      48       1        0.40417           28.7        40.4167
      51      48       1        0.61271           24.3        61.2711
      52      48       1        0.37982           24.3        37.9817
      53      48       1        0.57655           35.3        57.6549
      48      74       1        0.05437          221.1         5.4369
      54      66       1        0.04554          221.1         4.5544
      56      55       1        0.12465          160.0        12.4653
      81      55       1        0.03905         402.36         3.9054
      55     102       1         0.0089         402.36         0.8902
      55     112       1        0.02976         402.36         2.9763
      55     128       1         0.0244         402.36         2.4395
      56     103       1        0.02983          221.1          2.983
      57     159       1        0.05137          221.1         5.1369
      95      58       1        0.06353          221.1         6.3526
     177      58       1        0.09597          221.1         9.5972
      59     119       1         0.0724          221.1         7.2397
      59     139       1        0.06243          221.1         6.2426
      60      97       1        0.07928          221.1         7.9279
     134      60       1        0.06275          221.1         6.2749
      61     103       1        0.04556          221.1         4.5556
     159      62       1        0.05898          221.1         5.8979
     160      62       1        0.05314          221.1         5.3144
      63      66       1        0.08324          221.1         8.3244
      63     184       1        0.11602          221.1        11.6023
      65      64       1        0.10157          195.5         10.157
      67      66       1        0.14479           30.0        14.4786
      68      66       1          0.265           73.0        26.4997
      69      66       1        0.09499           70.5          9.499
      70      66       1        0.19945           70.5        19.9449
      71      66       1        0.08154           68.0         8.1544
      72      66       1         0.0746           68.0         7.4599
      73      66       1        0.14642           65.0        14.6423
      66     158       1        0.03225          221.1         3.2251
      74     190       1        0.06076          221.1          6.076
      76      75       1        0.78433           24.3        78.4328
      77      75       1        2.19211            7.4       219.2105
      78      75       1        0.18141           65.0        18.1406
      79      75       1        0.27777           62.1        27.7774
     108      75       1        0.07097          221.1         7.0969
      75     157       1        0.08711          221.1         8.7112
      80     100       1        0.14952          221.1        14.9525
      80     143       1        0.14347          221.1         14.347
      82      81       1        0.04237          250.0         4.2371
      81     178       1        0.04714         402.36         4.7137
      82     195       1        0.02626          221.1         2.6265
      83     146       1        0.03677          221.1         3.6767
      83     186       1        0.05517          221.1         5.5174
      84     113       1        0.04544          221.1          4.544
      85     120       1        0.05029          221.1         5.0291
      86     101       1        0.03307          221.1         3.3072
     142      86       1        0.02314          221.1         2.3141
      86     193       1        0.04266          221.1         4.2664
      88      87       1        0.03419          350.0         3.4189
     149      87       1        0.01158         402.36         1.1579
      88     150       1        0.03597          221.1         3.5973
     176      88       1        0.02492          221.1         2.4922
      88     194       1        0.02909          221.1         2.9088
      90      89       1        2.27992            8.6       227.9922
      91      89       1        0.50342           32.0        50.3424
      92      89       1        0.36204           35.3         36.204
      89      95       1        0.05641          221.1         5.6409
     188      89       1          0.052          221.1         5.1996
      94      93       1         0.2806           62.1        28.0602
      93     191       1        0.14266          221.1        14.2662
     122      96       1        0.07399          221.1         7.3986
      96     143       1        0.10242          221.1        10.2423
      96     188       1        0.07042          221.1         7.0421
      97     200       1        0.08512          221.1         8.5125
      99      98       1        0.03052          250.0         3.0516
      98     123       1        0.03357         402.36         3.3574
      99     142       1        0.05298          221.1         5.2982
     100     174       1        0.07453          221.1         7.4531
     100     179       1        0.04941          221.1         4.9413
     100     184       1        0.08879          221.1          8.879
     110     101       1        0.01266          221.1         1.2657
     101     117       1        0.03583          221.1         3.5833
     101     141       1         0.0203          221.1         2.0305
     103     102       1        0.05458          250.0         5.4578
     104     102       1        0.08775          130.0         8.7749
     105     102       1        0.05942          260.0         5.9419
     102     128       1        0.01929         402.36         1.9292
     103     106       1        0.05399          221.1         5.3987
     130     106       1        0.04776          221.1         4.7761
     107     113       1         0.0461          221.1         4.6101
     107     129       1        0.03531          221.1         3.5307
     192     107       1        0.02544          221.1         2.5441
     108     198       1        0.16013          221.1        16.0126
     186     109       1        0.05994          221.1         5.9942
     110     193       1        0.02224          221.1         2.2243
     163     111       1        0.03411          221.1         3.4111
     111     175       1        0.05539          221.1         5.5386
     113     112       1        0.05862          350.0         5.8615
     114     112       1        0.43401           20.0        43.4013
     115     112       1        0.06277          200.0         6.2771
     128     112       1        0.00925         402.36         0.9255
     113     192       1          0.035          221.1         3.4995
     117     116       1        0.03494          300.0         3.4943
     133     116       1        0.02779         402.36         2.7793
     117     132       1        0.08298          221.1         8.2984
     117     162       1        0.10444          221.1        10.4442
     131     118       1        0.04638          221.1         4.6377
     118     134       1         0.0808          221.1           8.08
     118     198       1        0.06481          221.1         6.4809
     122     121       1        0.06302          200.0         6.3023
     121     178       1         0.0636         402.36         6.3604
     187     121       1        0.00759         402.36         0.7593
     124     123       1        0.01748          400.0         1.7481
     125     123       1        0.10456          170.0        10.4562
     126     123       1        0.06604          170.0         6.6043
     127     123       1        0.03169          170.0         3.1691
     123     133       1        0.01042         402.36         1.0423
     156     123       1        0.00798         402.36         0.7981
     124     193       1        0.04582          221.1          4.582
     129     128       1        0.04445          250.0         4.4453
     128     133       1        0.06826         402.36         6.8257
     130     144       1        0.15799          221.1        15.7988
     134     133       1        0.01333          400.0         1.3328
     135     133       1        0.03351          580.0         3.3512
     136     133       1        0.02748          580.0         2.7478
     156     133       1        0.01398         402.36         1.3985
     134     140       1        0.07136          221.1         7.1357
     134     186       1        0.09341          221.1         9.3412
     138     139       1        0.18446          221.1        18.4455
     138     195       1        0.05637          221.1          5.637
     141     148       1        0.06582          221.1         6.5817
     141     193       1         0.0187          221.1         1.8702
     162     144       1         0.0485          221.1         4.8504
     145     176       1        0.06011          221.1         6.0111
     185     145       1        0.07551          221.1         7.5509
     147     146       1        0.10181          130.6         10.181
     146     177       1        0.07708          221.1          7.708
     150     149       1        0.02025          400.0         2.0251
     151     149       1        0.62552           20.0        62.5521
     152     149       1        0.14169          100.0        14.1687
     153     149       1         0.1846          100.0        18.4603
     154     149       1        0.10294          100.0         10.294
     155     149       1        0.09984          100.0         9.9835
     185     150       1        0.09193          221.1         9.1934
     194     150       1        0.02144          221.1         2.1435
     157     156       1        0.04565          300.0         4.5654
     161     160       1        0.08029          180.2         8.0288
     160     181       1        0.02934          221.1         2.9345
     164     163       1        0.11301           58.1         11.301
     165     163       1        0.30166           65.0        30.1657
     166     163       1        0.38208           42.0        38.2075
     167     163       1         0.1965           42.0        19.6499
     168     163       1        0.49098           40.0        49.0983
     169     163       1        0.39642           40.0        39.6417
     170     163       1         0.3749           35.6        37.4902
     163     179       1        0.03956          221.1         3.9557
     171     190       1         0.0674          221.1           6.74
     195     171       1        0.08112          221.1         8.1116
     180     172       1        0.10656          221.1        10.6558
     199     172       1        0.15504          221.1        15.5042
     173     174       1        0.09929          221.1         9.9293
     173     175       1        0.05536          221.1         5.5363
     174     188       1        0.12264          221.1         12.264
     179     178       1        0.03616          250.0         3.6157
     180     191       1        0.18387          221.1        18.3866
     180     199       1         0.0787          221.1         7.8698
     182     181       1        0.29775           60.3        29.7746
     183     181       1        0.11425           65.0        11.4254
     181     194       1        0.02838          221.1         2.8384
     188     187       1        0.04476          400.0         4.4762
     189     187       1        0.00782          740.0         0.7815
     196     195       1        0.06004           87.7         6.0038
     197     195       1        0.19148           87.7        19.1484

Demand and Generation by bus: 200
Bus G1 D1
       1            0.0            0.0
       2            0.0           7.39
       3            0.0            0.0
       4            0.0            1.7
       5            0.0            0.0
       6            0.0           7.95
       7            0.0            0.0
       8            0.0          23.74
       9            0.0            0.0
      10            0.0          42.68
      11            0.0            0.0
      12            0.0            0.3
      13            0.0           2.52
      14            0.0            0.0
      15            0.0            0.0
      16            0.0          44.76
      17            0.0            0.0
      18            0.0           0.71
      19            0.0           0.77
      20            0.0           1.13
      21            0.0           4.61
      22            0.0            0.0
      23            0.0           1.41
      24            0.0            2.4
      25            0.0            0.0
      26            0.0           1.35
      27            0.0            0.0
      28            0.0           2.33
      29            0.0            0.0
      30            0.0          59.09
      31            0.0            0.0
      32            0.0           0.51
      33            0.0           6.44
      34            0.0            0.0
      35            0.0          20.76
      36            0.0            0.0
      37            0.0           3.57
      38            0.0          29.81
      39            0.0           7.41
      40            0.0           2.04
      41            0.0          38.34
      42            0.0          10.62
      43            0.0           2.09
      44            0.0           4.15
      45            0.0            0.0
      46            0.0           6.34
      47            0.0           1.54
      48            0.0           1.82
      49          2.945            0.0
      50          2.945            0.0
      51          2.945            0.0
      52          2.945            0.0
      53          5.895            0.0
      54            0.0           2.66
      55            0.0            0.0
      56            0.0           1.31
      57            0.0           2.82
      58            0.0           4.23
      59            0.0           4.73
      60            0.0            3.8
      61            0.0          20.55
      62            0.0          21.41
      63            0.0           7.98
      64            0.0            0.0
      65           86.5            0.0
      66            0.0            0.0
      67          3.055            0.0
      68          18.15            0.0
      69          18.15            0.0
      70          18.15            0.0
      71          18.15            0.0
      72          18.15            0.0
      73          18.15            0.0
      74            0.0          18.76
      75            0.0            3.6
      76            2.6            0.0
      77           1.56            0.0
      78            0.0            0.0
      79            0.0            0.0
      80            0.0           1.48
      81            0.0            0.0
      82            0.0            7.6
      83            0.0           3.14
      84            0.0           3.75
      85            0.0           4.83
      86            0.0           8.25
      87            0.0            0.0
      88            0.0          49.34
      89            0.0          62.85
      90           2.08            0.0
      91           3.25            0.0
      92            0.0            0.0
      93            0.0           3.06
      94           11.7            0.0
      95            0.0            3.0
      96            0.0           2.96
      97            0.0           7.33
      98            0.0            0.0
      99            0.0          12.17
     100            0.0          37.39
     101            0.0           0.52
     102            0.0            0.0
     103            0.0            0.0
     104           67.6            0.0
     105          154.8            0.0
     106            0.0           2.06
     107            0.0          52.56
     108            0.0           9.42
     109            0.0           5.16
     110            0.0          10.86
     111            0.0           8.82
     112            0.0            0.0
     113            0.0            0.0
     114            1.4            0.0
     115          133.5            0.0
     116            0.0            0.0
     117            0.0          34.08
     118            0.0           3.94
     119            0.0          17.55
     120            0.0            1.8
     121            0.0            0.0
     122            0.0          15.44
     123            0.0            0.0
     124            0.0            0.0
     125         84.535            0.0
     126         84.535            0.0
     127         84.535            0.0
     128            0.0            0.0
     129            0.0          77.24
     130            0.0            4.4
     131            0.0          30.25
     132            0.0          26.96
     133            0.0            0.0
     134            0.0            0.0
     135         290.16            0.0
     136         290.16            0.0
     137            0.0           1.16
     138            0.0           2.09
     139            0.0           6.84
     140            0.0           8.21
     141            0.0           1.42
     142            0.0          37.26
     143            0.0          26.78
     144            0.0           9.05
     145            0.0          17.54
     146            0.0            0.0
     147           92.4            0.0
     148            0.0          32.02
     149            0.0            0.0
     150            0.0            0.0
     151           3.51            0.0
     152         50.195            0.0
     153         50.195            0.0
     154         50.195            0.0
     155         50.195            0.0
     156            0.0            0.0
     157            0.0          14.76
     158            0.0           8.97
     159            0.0           1.39
     160            0.0            0.0
     161            0.0            0.0
     162            0.0           1.45
     163            0.0           45.8
     164            0.0            0.0
     165            0.0            0.0
     166            0.0            0.0
     167           6.11            0.0
     168            0.0            0.0
     169            0.0            0.0
     170           6.11            0.0
     171            0.0           7.94
     172            0.0           5.38
     173            0.0           8.71
     174            0.0           2.77
     175            0.0           7.31
     176            0.0          19.01
     177            0.0          11.29
     178            0.0            0.0
     179            0.0          23.61
     180            0.0           7.74
     181            0.0          47.98
     182         11.375            0.0
     183          17.29            0.0
     184            0.0          10.69
     185            0.0          10.79
     186            0.0            2.1
     187            0.0            0.0
     188            0.0            0.0
     189         369.95            0.0
     190            0.0          16.79
     191            0.0           7.23
     192            0.0          52.74
     193            0.0          21.99
     194            0.0          37.57
     195            0.0            0.0
     196            0.0            0.0
     197            0.0            0.0
     198            0.0           5.37
     199            0.0           4.26
     200            0.0           9.34
