Bus data: 240

Existing circuits: 448
Bfr Bto Nc X Cap. Cost
    1001    1201       1        0.03169          996.0     0.0
    1001    1202       1         0.0965          326.0     0.0
    1002    1004       1         0.0053         5934.0     0.0
    1002    1102       1        0.01988         1583.0     0.0
    1002    1102       1        0.01988         1583.0     0.0
    1002    6506       1         0.0436          721.0     0.0
    1004    7001       1        0.27403          115.0     0.0
    1004    7002       1           0.11          287.0     0.0
    1101    1401       1         0.0211         1485.0     0.0
    1101    1401       1         0.0211         1485.0     0.0
    1201    1202       1        0.00536         5834.0     0.0
    1201    1402       1        0.02592         1216.0     0.0
    1201    2901       1        0.01369         2282.0     0.0
    1202    1302       1         0.0211         1485.0     0.0
    1202    1402       1        0.03489          904.0     0.0
    1301    1302       1         0.0211         1485.0     0.0
    1301    1402       1         0.0211         1485.0     0.0
    1301    1402       1         0.0673          468.0     0.0
    1301    2603       1        0.02524         1249.0     0.0
    1301    2901       1         0.0965          326.0     0.0
    1303    6507       1         0.1369          231.0     0.0
    1401    1402       1         0.0096         3288.0     0.0
    1401    1402       1         0.0096         3288.0     0.0
    1401    2301       1        0.02967         1061.0     0.0
    1401    2400       1        0.02967         1061.0     0.0
    1403    2100       1        0.07034          446.0     0.0
    2000    2202       1        0.05399          585.0     0.0
    2000    2302       1        0.05399          585.0     0.0
    2100    2302       1        0.07034          446.0     0.0
    2201    2301       1        0.02524         1249.0     0.0
    2202    2203       1        0.02886         1089.0     0.0
    2202    2203       1        0.02886         1089.0     0.0
    2202    2503       1        0.02886         1089.0     0.0
    2203    2503       1        0.02886         1089.0     0.0
    2203    2503       1        0.02886         1089.0     0.0
    2400    2403       1        0.00905         3487.0     0.0
    2401    2402       1        0.00753         4192.0     0.0
    2401    2402       1         0.0075         4208.0     0.0
    2401    2404       1        0.01125         2806.0     0.0
    2401    2404       1        0.01125         2806.0     0.0
    2401    2501       1         0.0128         2466.0     0.0
    2401    2603       1         0.0041         7696.0     0.0
    2401    2901       1        0.02779         1134.0     0.0
    2401    2902       1          0.031         1018.0     0.0
    2402    2501       1        0.00457         6905.0     0.0
    2403    2501       1         0.0093         3394.0     0.0
    2404    3893       1       -0.00935         3379.0     0.0
    2404    3895       1       -0.00935         3379.0     0.0
    2404    3897       1        -0.0084         3761.0     0.0
    2405    2406       1         0.0264         1195.0     0.0
    2405    2410       1        0.01187         2658.0     0.0
    2405    2410       1        0.01187         2658.0     0.0
    2406    2408       1         0.0258         1222.0     0.0
    2406    2410       1        0.07034          446.0     0.0
    2407    2408       1         0.0127         2478.0     0.0
    2408    2409       1        0.05399          585.0     0.0
    2408    2409       1        0.05399          585.0     0.0
    2408    2411       1         0.0395          798.0     0.0
    2408    2502       1        0.02886         1089.0     0.0
    2409    2502       1        0.02886         1089.0     0.0
    2409    2503       1        0.02886         1089.0     0.0
    2410    2411       1        0.03649          864.0     0.0
    2410    2411       1        0.03399          929.0     0.0
    2502    2503       1        0.02886         1089.0     0.0
    2502    2503       1        0.02886         1089.0     0.0
    2901    2902       1        0.01415         2231.0     0.0
    2600    2602       1        0.01668         1892.0     0.0
    2600    2603       1        0.00159        19867.0     0.0
    2600    2603       1        0.00159        19867.0     0.0
    2600    2601       1        0.01861         1696.0     0.0
    2601    2603       1        0.01884         1675.0     0.0
    2603    2901       1        0.02524         1249.0     0.0
    2604    6404       1         0.0965          326.0     0.0
    2604    6504       1         0.0245         1286.0     0.0
    2604    6504       1         0.0245         1286.0     0.0
    2605    2607       1        0.07905          396.0     0.0
    2606    2607       1        0.07905          396.0     0.0
    2608    2611       1        0.03346          942.0     0.0
    2608    2612       1          0.038          829.0     0.0
    2608    2618       1        0.04677          674.0     0.0
    2608    2619       1        0.03422          922.0     0.0
    2609    2615       1        0.00723         4360.0     0.0
    2609    2617       1        0.00536         5881.0     0.0
    2610    2613       1        0.03422          922.0     0.0
    2610    2613       1        0.03669          860.0     0.0
    2610    2616       1        0.03074         1026.0     0.0
    2610    2617       1        0.04296          734.0     0.0
    2611    2612       1        0.00434         7262.0     0.0
    2612    2615       1        0.01583         1975.0     0.0
    2612    2615       1        0.01583         1975.0     0.0
    2612    2618       1        0.00967         3233.0     0.0
    2612    2618       1        0.00967         3233.0     0.0
    2612    2618       1        0.00971         3210.0     0.0
    2612    2618       1        0.00971         3210.0     0.0
    2612    2619       1        0.00393         8019.0     0.0
    2612    2619       1        0.00393         8019.0     0.0
    2612    2619       1        0.00393         8019.0     0.0
    2612    2620       1        0.01116         2810.0     0.0
    2612    2620       1        0.01116         2810.0     0.0
    2613    2616       1        0.00366         8587.0     0.0
    2613    2617       1        0.00586         5367.0     0.0
    2614    2616       1        0.01025         3074.0     0.0
    2614    2616       1        0.01025         3074.0     0.0
    2615    2617       1        0.01244         2528.0     0.0
    2615    2617       1        0.01244         2528.0     0.0
    2615    2620       1        0.00979         3200.0     0.0
    2616    2617       1        0.01189         2646.0     0.0
    3101    3102       1         0.0127         2478.0     0.0
    3101    3102       1         0.0127         2478.0     0.0
    3102    3103       1         0.0127         2478.0     0.0
    3102    3103       1         0.0127         2478.0     0.0
    3102    3103       1         0.0127         2478.0     0.0
    3102    3302       1         0.0127         2478.0     0.0
    3103    3204       1         0.0127         2478.0     0.0
    3103    3204       1         0.0127         2478.0     0.0
    3103    3305       1         0.0127         2478.0     0.0
    3103    3305       1         0.0127         2478.0     0.0
    3104    3105       1        0.02886         1089.0     0.0
    3201    3202       1         0.0127         2478.0     0.0
    3201    3202       1         0.0127         2478.0     0.0
    3201    3203       1         0.0127         2478.0     0.0
    3201    3203       1         0.0127         2478.0     0.0
    3201    3923       1        0.02886         1089.0     0.0
    3201    3923       1        0.02886         1089.0     0.0
    3201    3924       1         0.0127         2478.0     0.0
    3201    3924       1         0.0127         2478.0     0.0
    3202    3203       1         0.0127         2478.0     0.0
    3202    3203       1        0.02886         1089.0     0.0
    3202    3204       1         0.0127         2478.0     0.0
    3202    3205       1         0.0127         2478.0     0.0
    3202    3924       1        0.02886         1089.0     0.0
    3202    3924       1        0.02886         1089.0     0.0
    3203    3204       1         0.0127         2478.0     0.0
    3203    3303       1         0.0127         2478.0     0.0
    3203    3303       1        0.02886         1089.0     0.0
    3203    3305       1         0.0127         2478.0     0.0
    3203    3923       1        0.02886         1089.0     0.0
    3203    3923       1        0.02886         1089.0     0.0
    3204    3205       1         0.0127         2478.0     0.0
    3204    3205       1         0.0127         2478.0     0.0
    3204    3923       1        0.02886         1089.0     0.0
    3204    3923       1        0.02886         1089.0     0.0
    3205    3914       1        0.02886         1089.0     0.0
    3205    3915       1        0.02886         1089.0     0.0
    3301    3902       1        0.01297         2434.0     0.0
    3301    3903       1       -0.00755         4184.0     0.0
    3302    3304       1         0.0127         2478.0     0.0
    3302    3304       1         0.0127         2478.0     0.0
    3303    3304       1         0.0127         2478.0     0.0
    3303    3304       1         0.0127         2478.0     0.0
    3303    3304       1         0.0127         2478.0     0.0
    3303    3918       1        0.02886         1089.0     0.0
    3303    3918       1        0.02886         1089.0     0.0
    3305    3923       1        0.02886         1089.0     0.0
    3401    3402       1        0.02886         1089.0     0.0
    3401    3402       1        0.02886         1089.0     0.0
    3401    3404       1        0.02886         1089.0     0.0
    3401    3405       1        0.02886         1089.0     0.0
    3401    3405       1        0.02886         1089.0     0.0
    3401    3804       1        0.02886         1089.0     0.0
    3403    3404       1        0.02886         1089.0     0.0
    3403    3804       1        0.02886         1089.0     0.0
    3404    3804       1        0.02886         1089.0     0.0
    3404    3804       1        0.02886         1089.0     0.0
    3404    3917       1        0.02886         1089.0     0.0
    3404    3918       1        0.02886         1089.0     0.0
    3405    3907       1        0.02886         1089.0     0.0
    3405    3907       1        0.02886         1089.0     0.0
    3501    3914       1        0.02886         1089.0     0.0
    3501    3915       1        0.02886         1089.0     0.0
    3601    3925       1        0.02886         1089.0     0.0
    3701    3926       1        0.02886         1089.0     0.0
    3701    3926       1        0.02886         1089.0     0.0
    3801    3802       1        0.01937         1630.0     0.0
    3801    3803       1        0.02087         1513.0     0.0
    3801    3803       1        0.02087         1513.0     0.0
    3802    3891       1          0.016         1973.0     0.0
    3802    3901       1        0.01985         1590.0     0.0
    3803    3891       1       -0.00998         3166.0     0.0
    3803    3892       1       -0.00935         3379.0     0.0
    3803    3894       1       -0.00944         3347.0     0.0
    3803    3896       1       -0.00935         3379.0     0.0
    3803    3901       1         0.0147         2138.0     0.0
    3804    3806       1        0.02886         1089.0     0.0
    3805    3806       1        0.02886         1089.0     0.0
    3892    3893       1        0.02659         1187.0     0.0
    3894    3895       1        0.02662         1186.0     0.0
    3896    3897       1        0.02517         1254.0     0.0
    3901    3902       1        0.01297         2434.0     0.0
    3901    3903       1        0.03644          867.0     0.0
    3901    8002       1       -0.01331         2374.0     0.0
    3903    3904       1       -0.01098         2877.0     0.0
    3903    3905       1        0.01035         3039.0     0.0
    3903    8002       1        0.05719          553.0     0.0
    3904    3905       1        0.01229         2549.0     0.0
    3905    3906       1        0.00346         8938.0     0.0
    3906    4001       1        0.00456         6881.0     0.0
    3906    4001       1        0.00456         6881.0     0.0
    3907    3908       1        0.02886         1089.0     0.0
    3907    3923       1        0.02886         1089.0     0.0
    3907    8004       1        0.09268          338.0     0.0
    3908    3920       1        0.02886         1089.0     0.0
    3909    3919       1        0.02886         1089.0     0.0
    3909    3920       1        0.02886         1089.0     0.0
    3910    3911       1        0.16938          185.0     0.0
    3910    3924       1        0.10101          310.0     0.0
    3911    3912       1        0.09268          338.0     0.0
    3911    3916       1        0.11381          275.0     0.0
    3911    3921       1        0.06678          467.0     0.0
    3911    3921       1         0.0654          477.0     0.0
    3911    3921       1        0.06642          470.0     0.0
    3911    3924       1        0.27403          115.0     0.0
    3911    8003       1        0.09268          338.0     0.0
    3911    8003       1        0.09268          338.0     0.0
    3912    3924       1         0.2046          153.0     0.0
    3913    3920       1        0.02886         1089.0     0.0
    3913    3920       1        0.02886         1089.0     0.0
    3913    3923       1        0.02886         1089.0     0.0
    3913    8004       1        0.09268          338.0     0.0
    3915    3924       1        0.02886         1089.0     0.0
    3916    3924       1        0.16106          195.0     0.0
    3919    3922       1        0.02886         1089.0     0.0
    3920    3922       1        0.02886         1089.0     0.0
    3923    8005       1        0.09268          338.0     0.0
    3923    8005       1        0.09268          338.0     0.0
    4001    4204       1        0.00239        12565.0     0.0
    4001    4090       1        0.01382         2283.0     0.0
    4001    4094       1        0.01502         2101.0     0.0
    4001    4097       1        0.01413         2233.0     0.0
    4001    8001       1        0.01293         2435.0     0.0
    4002    4003       1        0.02373         1330.0     0.0
    4002    4090       1        0.00238        13256.0     0.0
    4002    4091       1        0.01036         3044.0     0.0
    4003    6101       1        0.02689         1170.0     0.0
    4004    4005       1        0.01412         2235.0     0.0
    4004    4005       1        0.02408         1311.0     0.0
    4004    4005       1        0.02409         1310.0     0.0
    4004    4091       1        0.00737         4280.0     0.0
    4004    4092       1        0.01266         2492.0     0.0
    4004    4095       1        0.01266         2492.0     0.0
    4005    4006       1        0.00451         6995.0     0.0
    4005    4006       1        0.00446         7076.0     0.0
    4005    4102       1        0.02316         1363.0     0.0
    4005    4102       1           0.02         1580.0     0.0
    4005    4202       1         0.0082         3851.0     0.0
    4005    6202       1        0.03304          955.0     0.0
    4006    4007       1         0.0003       105233.0     0.0
    4006    4007       1         0.0003       105233.0     0.0
    4006    4202       1         0.0082         3851.0     0.0
    4008    6401       1         0.0673          468.0     0.0
    4009    4010       1        0.00131        24088.0     0.0
    4009    4010       1        0.00116        27195.0     0.0
    4009    4104       1           0.02         1572.0     0.0
    4092    4093       1        0.00165        19144.0     0.0
    4093    4094       1       -0.01263         2501.0     0.0
    4095    4096       1        0.00165        19144.0     0.0
    4096    4097       1       -0.01263         2501.0     0.0
    4101    4102       1        0.02069         1525.0     0.0
    4101    4102       1        0.02069         1525.0     0.0
    4101    4103       1          0.074          427.0     0.0
    4101    4103       1           0.02         1572.0     0.0
    4101    4201       1         0.0082         3851.0     0.0
    4101    4201       1         0.0082         3851.0     0.0
    4102    4201       1         0.0082         3851.0     0.0
    4102    4201       1         0.0082         3851.0     0.0
    4102    4202       1         0.0082         3851.0     0.0
    4102    4202       1         0.0082         3851.0     0.0
    4102    6202       1        0.02258         1397.0     0.0
    4103    6202       1          0.074          427.0     0.0
    4104    5004       1           0.02         1572.0     0.0
    4201    4202       1        0.02408         1311.0     0.0
    4201    5001       1         0.0239         1321.0     0.0
    4202    4203       1        0.00165        17775.0     0.0
    4203    4204       1        0.01266         2491.0     0.0
    5001    5002       1           0.07          451.0     0.0
    5003    5004       1           0.02         1572.0     0.0
    6102    6103       1        0.02316         1363.0     0.0
    6102    6301       1         0.0046         6867.0     0.0
    6102    6403       1         0.0673          468.0     0.0
    6103    6301       1         0.0046         6867.0     0.0
    6103    6301       1         0.0046         6867.0     0.0
    6103    6501       1         0.0673          468.0     0.0
    6103    6501       1         0.0673          468.0     0.0
    6104    6204       1         0.0965          326.0     0.0
    6104    6305       1         0.0965          326.0     0.0
    6201    6202       1        0.01405         2231.0     0.0
    6203    6205       1          0.074          427.0     0.0
    6204    6205       1          0.025         1263.0     0.0
    6203    6303       1         0.0965          326.0     0.0
    6203    6303       1         0.0965          326.0     0.0
    6203    6304       1         0.0965          326.0     0.0
    6302    7001       1         0.0046         6867.0     0.0
    6303    6304       1         0.0965          326.0     0.0
    6303    6305       1         0.0965          326.0     0.0
    6303    6305       1         0.0965          326.0     0.0
    6305    6510       1         0.0965          326.0     0.0
    6305    6510       1         0.0965          326.0     0.0
    6401    6403       1         0.0673          468.0     0.0
    6401    6403       1         0.0673          468.0     0.0
    6401    6404       1         0.0965          326.0     0.0
    6403    6404       1         0.0673          468.0     0.0
    6404    6507       1         0.0965          326.0     0.0
    6501    6502       1        0.00332         7711.0     0.0
    6501    6504       1        0.00238         9952.0     0.0
    6501    6509       1        0.00226        11408.0     0.0
    6501    6509       1        0.00226        11408.0     0.0
    6502    6503       1         0.0602          523.0     0.0
    6502    6503       1         0.0537          586.0     0.0
    6502    6504       1        0.00225        11202.0     0.0
    6502    6504       1        0.00238         9952.0     0.0
    6502    6504       1        0.00225        11202.0     0.0
    6502    6504       1        0.00238         9952.0     0.0
    6502    6508       1         0.0172         1833.0     0.0
    6502    6509       1        0.00106        23786.0     0.0
    6502    6509       1        0.00106        23786.0     0.0
    6503    6504       1         0.0349          902.0     0.0
    6503    6505       1         0.0878          358.0     0.0
    6503    6507       1         0.0374          842.0     0.0
    6503    6507       1         0.0372          846.0     0.0
    6503    6508       1         0.0392          803.0     0.0
    6504    6507       1          0.034          924.0     0.0
    6504    6507       1         0.0349          902.0     0.0
    6504    7002       1         0.1369          231.0     0.0
    7001    7002       1         0.0046         6867.0     0.0
    8001    8002       1         0.0111         2817.0     0.0
    8003    8004       1        0.13702          229.0     0.0
    8003    8005       1        0.27403          115.0     0.0
    8003    8005       1        0.27403          115.0     0.0
    8004    8005       1        0.13702          229.0     0.0
    1001    1002       1          0.011         2872.0     0.0
    1001    1002       1          0.011         2872.0     0.0
    1002    1003       1         0.0138         2289.0     0.0
    1002    1003       1         0.0139         2272.0     0.0
    1101    1102       1         0.0146         2164.0     0.0
    1101    1102       1         0.0146         2164.0     0.0
    1302    1303       1         0.0072         4388.0     0.0
    1401    1403       1         0.0138         2289.0     0.0
    2100    2400       1         0.0138         2289.0     0.0
    2201    2202       1          0.005         6318.0     0.0
    2201    2202       1          0.005         6318.0     0.0
    2301    2302       1          0.005         6318.0     0.0
    2301    2302       1          0.005         6318.0     0.0
    2402    2409       1          0.005         6318.0     0.0
    2404    2411       1        0.01149         2750.0     0.0
    2404    2411       1        0.01149         2750.0     0.0
    2404    2411       1        0.01149         2750.0     0.0
    2405    2619       1        0.00115        27468.0     0.0
    2501    2502       1          0.005         6318.0     0.0
    2501    2502       1          0.005         6318.0     0.0
    2501    2502       1          0.005         6318.0     0.0
    2601    2612       1        0.01386         2279.0     0.0
    2602    2615       1        0.01386         2279.0     0.0
    2602    2615       1        0.01386         2279.0     0.0
    2603    2607       1        0.02338         1351.0     0.0
    2605    2621       1        0.01491         2117.0     0.0
    2606    2621       1        0.01491         2117.0     0.0
    2614    2621       1         0.0133         2375.0     0.0
    2614    2621       1         0.0134         2357.0     0.0
    3102    3104       1         0.0299         1056.0     0.0
    3301    3303       1         0.0174         1816.0     0.0
    3301    3303       1         0.0174         1816.0     0.0
    3301    3303       1         0.0174         1816.0     0.0
    3701    6402       1         0.0299         1056.0     0.0
    3701    6402       1         0.0299         1056.0     0.0
    3802    3804       1         0.0174         1816.0     0.0
    3803    3805       1         0.0174         1816.0     0.0
    3803    3805       1         0.0119         2655.0     0.0
    3901    3917       1         0.0174         1816.0     0.0
    3902    3918       1         0.0174         1816.0     0.0
    3903    3923       1         0.0174         1816.0     0.0
    3904    3924       1         0.0125         2527.0     0.0
    3905    3922       1         0.0174         1816.0     0.0
    3906    3921       1         0.0174         1816.0     0.0
    3911    3925       1         0.0299         1056.0     0.0
    3920    3926       1         0.0299         1056.0     0.0
    3920    3926       1         0.0299         1056.0     0.0
    4001    4008       1         0.0072         4388.0     0.0
    4006    4009       1        0.01181         2675.0     0.0
    4006    4009       1        0.00735         4298.0     0.0
    4007    4010       1        0.00221        14293.0     0.0
    4103    4104       1           0.01         3159.0     0.0
    5002    5003       1           0.01         3159.0     0.0
    6101    6102       1         0.0072         4388.0     0.0
    6103    6104       1         0.0181         1745.0     0.0
    6201    6203       1         0.0181         1745.0     0.0
    6202    6204       1         0.0181         1745.0     0.0
    6301    6303       1         0.0181         1745.0     0.0
    6302    6304       1         0.0181         1745.0     0.0
    6401    6402       1         0.0299         1056.0     0.0
    6401    6402       1         0.0299         1056.0     0.0
    6501    6510       1         0.0181         1745.0     0.0
    6501    6510       1         0.0181         1745.0     0.0
    6505    6506       1         0.0195         1620.0     0.0
    8001    8003       1         0.0174         1816.0     0.0
    8002    8005       1         0.0174         1816.0     0.0
    1002    1032       1         0.0005        63175.0     0.0
    1004    1034       1         0.0005        63175.0     0.0
    1101    1131       1         0.0005        63175.0     0.0
    1202    1232       1         0.0005        63175.0     0.0
    1301    1331       1         0.0005        63175.0     0.0
    1303    1333       1         0.0005        63175.0     0.0
    1401    1431       1         0.0005        63175.0     0.0
    2000    2030       1         0.0005        63175.0     0.0
    2100    2130       1         0.0005        63175.0     0.0
    2203    2233       1         0.0005        63175.0     0.0
    2302    2332       1         0.0005        63175.0     0.0
    2408    2438       1         0.0005        63175.0     0.0
    2503    2533       1         0.0005        63175.0     0.0
    2604    2634       1         0.0005        63175.0     0.0
    2608    2638       1         0.0005        63175.0     0.0
    2610    2630       1         0.0005        63175.0     0.0
    2611    2631       1         0.0005        63175.0     0.0
    2612    2637       1         0.0005        63175.0     0.0
    3103    3133       1         0.0005        63175.0     0.0
    3105    3135       1         0.0005        63175.0     0.0
    3204    3234       1         0.0005        63175.0     0.0
    3303    3333       1         0.0005        63175.0     0.0
    3402    3432       1         0.0005        63175.0     0.0
    3403    3433       1         0.0005        63175.0     0.0
    3501    3531       1         0.0005        63175.0     0.0
    3601    3631       1         0.0005        63175.0     0.0
    3701    3731       1         0.0005        63175.0     0.0
    3801    3831       1         0.0005        63175.0     0.0
    3805    3835       1         0.0005        63175.0     0.0
    3806    3836       1         0.0005        63175.0     0.0
    3902    3932       1         0.0005        63175.0     0.0
    3921    3931       1         0.0005        63175.0     0.0
    3923    3933       1         0.0005        63175.0     0.0
    4001    4031       1         0.0005        63175.0     0.0
    4005    4035       1         0.0005        63175.0     0.0
    4009    4039       1         0.0005        63175.0     0.0
    4101    4131       1         0.0005        63175.0     0.0
    4102    4132       1         0.0005        63175.0     0.0
    4201    4231       1         0.0005        63175.0     0.0
    4202    4232       1         0.0005        63175.0     0.0
    5001    5031       1         0.0005        63175.0     0.0
    5002    5032       1         0.0005        63175.0     0.0
    6102    6132       1         0.0005        63175.0     0.0
    6201    6231       1         0.0005        63175.0     0.0
    6205    6235       1         0.0005        63175.0     0.0
    6303    6333       1         0.0005        63175.0     0.0
    6305    6335       1         0.0005        63175.0     0.0
    6403    6433       1         0.0005        63175.0     0.0
    6503    6533       1         0.0005        63175.0     0.0
    7001    7031       1         0.0005        63175.0     0.0
    7002    7032       1         0.0005        63175.0     0.0
    8003    8033       1         0.0005        63175.0     0.0
    8004    8034       1         0.0005        63175.0     0.0

Candidate circuits: 448
Bfr Bto Nc X Cap. Cost
    1001    1201       1        0.03169          996.0          3.169
    1001    1202       1         0.0965          326.0           9.65
    1002    1004       1         0.0053         5934.0           0.53
    1002    1102       1        0.01988         1583.0          1.988
    1002    1102       1        0.01988         1583.0          1.988
    1002    6506       1         0.0436          721.0           4.36
    1004    7001       1        0.27403          115.0         27.403
    1004    7002       1           0.11          287.0           11.0
    1101    1401       1         0.0211         1485.0           2.11
    1101    1401       1         0.0211         1485.0           2.11
    1201    1202       1        0.00536         5834.0          0.536
    1201    1402       1        0.02592         1216.0          2.592
    1201    2901       1        0.01369         2282.0          1.369
    1202    1302       1         0.0211         1485.0           2.11
    1202    1402       1        0.03489          904.0          3.489
    1301    1302       1         0.0211         1485.0           2.11
    1301    1402       1         0.0211         1485.0           2.11
    1301    1402       1         0.0673          468.0           6.73
    1301    2603       1        0.02524         1249.0          2.524
    1301    2901       1         0.0965          326.0           9.65
    1303    6507       1         0.1369          231.0          13.69
    1401    1402       1         0.0096         3288.0           0.96
    1401    1402       1         0.0096         3288.0           0.96
    1401    2301       1        0.02967         1061.0          2.967
    1401    2400       1        0.02967         1061.0          2.967
    1403    2100       1        0.07034          446.0          7.034
    2000    2202       1        0.05399          585.0          5.399
    2000    2302       1        0.05399          585.0          5.399
    2100    2302       1        0.07034          446.0          7.034
    2201    2301       1        0.02524         1249.0          2.524
    2202    2203       1        0.02886         1089.0          2.886
    2202    2203       1        0.02886         1089.0          2.886
    2202    2503       1        0.02886         1089.0          2.886
    2203    2503       1        0.02886         1089.0          2.886
    2203    2503       1        0.02886         1089.0          2.886
    2400    2403       1        0.00905         3487.0          0.905
    2401    2402       1        0.00753         4192.0          0.753
    2401    2402       1         0.0075         4208.0           0.75
    2401    2404       1        0.01125         2806.0          1.125
    2401    2404       1        0.01125         2806.0          1.125
    2401    2501       1         0.0128         2466.0           1.28
    2401    2603       1         0.0041         7696.0           0.41
    2401    2901       1        0.02779         1134.0          2.779
    2401    2902       1          0.031         1018.0            3.1
    2402    2501       1        0.00457         6905.0          0.457
    2403    2501       1         0.0093         3394.0           0.93
    2404    3893       1       -0.00935         3379.0         -0.935
    2404    3895       1       -0.00935         3379.0         -0.935
    2404    3897       1        -0.0084         3761.0          -0.84
    2405    2406       1         0.0264         1195.0           2.64
    2405    2410       1        0.01187         2658.0          1.187
    2405    2410       1        0.01187         2658.0          1.187
    2406    2408       1         0.0258         1222.0           2.58
    2406    2410       1        0.07034          446.0          7.034
    2407    2408       1         0.0127         2478.0           1.27
    2408    2409       1        0.05399          585.0          5.399
    2408    2409       1        0.05399          585.0          5.399
    2408    2411       1         0.0395          798.0           3.95
    2408    2502       1        0.02886         1089.0          2.886
    2409    2502       1        0.02886         1089.0          2.886
    2409    2503       1        0.02886         1089.0          2.886
    2410    2411       1        0.03649          864.0          3.649
    2410    2411       1        0.03399          929.0          3.399
    2502    2503       1        0.02886         1089.0          2.886
    2502    2503       1        0.02886         1089.0          2.886
    2901    2902       1        0.01415         2231.0          1.415
    2600    2602       1        0.01668         1892.0          1.668
    2600    2603       1        0.00159        19867.0          0.159
    2600    2603       1        0.00159        19867.0          0.159
    2600    2601       1        0.01861         1696.0          1.861
    2601    2603       1        0.01884         1675.0          1.884
    2603    2901       1        0.02524         1249.0          2.524
    2604    6404       1         0.0965          326.0           9.65
    2604    6504       1         0.0245         1286.0           2.45
    2604    6504       1         0.0245         1286.0           2.45
    2605    2607       1        0.07905          396.0          7.905
    2606    2607       1        0.07905          396.0          7.905
    2608    2611       1        0.03346          942.0          3.346
    2608    2612       1          0.038          829.0            3.8
    2608    2618       1        0.04677          674.0          4.677
    2608    2619       1        0.03422          922.0          3.422
    2609    2615       1        0.00723         4360.0          0.723
    2609    2617       1        0.00536         5881.0          0.536
    2610    2613       1        0.03422          922.0          3.422
    2610    2613       1        0.03669          860.0          3.669
    2610    2616       1        0.03074         1026.0          3.074
    2610    2617       1        0.04296          734.0          4.296
    2611    2612       1        0.00434         7262.0          0.434
    2612    2615       1        0.01583         1975.0          1.583
    2612    2615       1        0.01583         1975.0          1.583
    2612    2618       1        0.00967         3233.0          0.967
    2612    2618       1        0.00967         3233.0          0.967
    2612    2618       1        0.00971         3210.0          0.971
    2612    2618       1        0.00971         3210.0          0.971
    2612    2619       1        0.00393         8019.0          0.393
    2612    2619       1        0.00393         8019.0          0.393
    2612    2619       1        0.00393         8019.0          0.393
    2612    2620       1        0.01116         2810.0          1.116
    2612    2620       1        0.01116         2810.0          1.116
    2613    2616       1        0.00366         8587.0          0.366
    2613    2617       1        0.00586         5367.0          0.586
    2614    2616       1        0.01025         3074.0          1.025
    2614    2616       1        0.01025         3074.0          1.025
    2615    2617       1        0.01244         2528.0          1.244
    2615    2617       1        0.01244         2528.0          1.244
    2615    2620       1        0.00979         3200.0          0.979
    2616    2617       1        0.01189         2646.0          1.189
    3101    3102       1         0.0127         2478.0           1.27
    3101    3102       1         0.0127         2478.0           1.27
    3102    3103       1         0.0127         2478.0           1.27
    3102    3103       1         0.0127         2478.0           1.27
    3102    3103       1         0.0127         2478.0           1.27
    3102    3302       1         0.0127         2478.0           1.27
    3103    3204       1         0.0127         2478.0           1.27
    3103    3204       1         0.0127         2478.0           1.27
    3103    3305       1         0.0127         2478.0           1.27
    3103    3305       1         0.0127         2478.0           1.27
    3104    3105       1        0.02886         1089.0          2.886
    3201    3202       1         0.0127         2478.0           1.27
    3201    3202       1         0.0127         2478.0           1.27
    3201    3203       1         0.0127         2478.0           1.27
    3201    3203       1         0.0127         2478.0           1.27
    3201    3923       1        0.02886         1089.0          2.886
    3201    3923       1        0.02886         1089.0          2.886
    3201    3924       1         0.0127         2478.0           1.27
    3201    3924       1         0.0127         2478.0           1.27
    3202    3203       1         0.0127         2478.0           1.27
    3202    3203       1        0.02886         1089.0          2.886
    3202    3204       1         0.0127         2478.0           1.27
    3202    3205       1         0.0127         2478.0           1.27
    3202    3924       1        0.02886         1089.0          2.886
    3202    3924       1        0.02886         1089.0          2.886
    3203    3204       1         0.0127         2478.0           1.27
    3203    3303       1         0.0127         2478.0           1.27
    3203    3303       1        0.02886         1089.0          2.886
    3203    3305       1         0.0127         2478.0           1.27
    3203    3923       1        0.02886         1089.0          2.886
    3203    3923       1        0.02886         1089.0          2.886
    3204    3205       1         0.0127         2478.0           1.27
    3204    3205       1         0.0127         2478.0           1.27
    3204    3923       1        0.02886         1089.0          2.886
    3204    3923       1        0.02886         1089.0          2.886
    3205    3914       1        0.02886         1089.0          2.886
    3205    3915       1        0.02886         1089.0          2.886
    3301    3902       1        0.01297         2434.0          1.297
    3301    3903       1       -0.00755         4184.0         -0.755
    3302    3304       1         0.0127         2478.0           1.27
    3302    3304       1         0.0127         2478.0           1.27
    3303    3304       1         0.0127         2478.0           1.27
    3303    3304       1         0.0127         2478.0           1.27
    3303    3304       1         0.0127         2478.0           1.27
    3303    3918       1        0.02886         1089.0          2.886
    3303    3918       1        0.02886         1089.0          2.886
    3305    3923       1        0.02886         1089.0          2.886
    3401    3402       1        0.02886         1089.0          2.886
    3401    3402       1        0.02886         1089.0          2.886
    3401    3404       1        0.02886         1089.0          2.886
    3401    3405       1        0.02886         1089.0          2.886
    3401    3405       1        0.02886         1089.0          2.886
    3401    3804       1        0.02886         1089.0          2.886
    3403    3404       1        0.02886         1089.0          2.886
    3403    3804       1        0.02886         1089.0          2.886
    3404    3804       1        0.02886         1089.0          2.886
    3404    3804       1        0.02886         1089.0          2.886
    3404    3917       1        0.02886         1089.0          2.886
    3404    3918       1        0.02886         1089.0          2.886
    3405    3907       1        0.02886         1089.0          2.886
    3405    3907       1        0.02886         1089.0          2.886
    3501    3914       1        0.02886         1089.0          2.886
    3501    3915       1        0.02886         1089.0          2.886
    3601    3925       1        0.02886         1089.0          2.886
    3701    3926       1        0.02886         1089.0          2.886
    3701    3926       1        0.02886         1089.0          2.886
    3801    3802       1        0.01937         1630.0          1.937
    3801    3803       1        0.02087         1513.0          2.087
    3801    3803       1        0.02087         1513.0          2.087
    3802    3891       1          0.016         1973.0            1.6
    3802    3901       1        0.01985         1590.0          1.985
    3803    3891       1       -0.00998         3166.0         -0.998
    3803    3892       1       -0.00935         3379.0         -0.935
    3803    3894       1       -0.00944         3347.0         -0.944
    3803    3896       1       -0.00935         3379.0         -0.935
    3803    3901       1         0.0147         2138.0           1.47
    3804    3806       1        0.02886         1089.0          2.886
    3805    3806       1        0.02886         1089.0          2.886
    3892    3893       1        0.02659         1187.0          2.659
    3894    3895       1        0.02662         1186.0          2.662
    3896    3897       1        0.02517         1254.0          2.517
    3901    3902       1        0.01297         2434.0          1.297
    3901    3903       1        0.03644          867.0          3.644
    3901    8002       1       -0.01331         2374.0         -1.331
    3903    3904       1       -0.01098         2877.0         -1.098
    3903    3905       1        0.01035         3039.0          1.035
    3903    8002       1        0.05719          553.0          5.719
    3904    3905       1        0.01229         2549.0          1.229
    3905    3906       1        0.00346         8938.0          0.346
    3906    4001       1        0.00456         6881.0          0.456
    3906    4001       1        0.00456         6881.0          0.456
    3907    3908       1        0.02886         1089.0          2.886
    3907    3923       1        0.02886         1089.0          2.886
    3907    8004       1        0.09268          338.0          9.268
    3908    3920       1        0.02886         1089.0          2.886
    3909    3919       1        0.02886         1089.0          2.886
    3909    3920       1        0.02886         1089.0          2.886
    3910    3911       1        0.16938          185.0         16.938
    3910    3924       1        0.10101          310.0         10.101
    3911    3912       1        0.09268          338.0          9.268
    3911    3916       1        0.11381          275.0         11.381
    3911    3921       1        0.06678          467.0          6.678
    3911    3921       1         0.0654          477.0           6.54
    3911    3921       1        0.06642          470.0          6.642
    3911    3924       1        0.27403          115.0         27.403
    3911    8003       1        0.09268          338.0          9.268
    3911    8003       1        0.09268          338.0          9.268
    3912    3924       1         0.2046          153.0          20.46
    3913    3920       1        0.02886         1089.0          2.886
    3913    3920       1        0.02886         1089.0          2.886
    3913    3923       1        0.02886         1089.0          2.886
    3913    8004       1        0.09268          338.0          9.268
    3915    3924       1        0.02886         1089.0          2.886
    3916    3924       1        0.16106          195.0         16.106
    3919    3922       1        0.02886         1089.0          2.886
    3920    3922       1        0.02886         1089.0          2.886
    3923    8005       1        0.09268          338.0          9.268
    3923    8005       1        0.09268          338.0          9.268
    4001    4204       1        0.00239        12565.0          0.239
    4001    4090       1        0.01382         2283.0          1.382
    4001    4094       1        0.01502         2101.0          1.502
    4001    4097       1        0.01413         2233.0          1.413
    4001    8001       1        0.01293         2435.0          1.293
    4002    4003       1        0.02373         1330.0          2.373
    4002    4090       1        0.00238        13256.0          0.238
    4002    4091       1        0.01036         3044.0          1.036
    4003    6101       1        0.02689         1170.0          2.689
    4004    4005       1        0.01412         2235.0          1.412
    4004    4005       1        0.02408         1311.0          2.408
    4004    4005       1        0.02409         1310.0          2.409
    4004    4091       1        0.00737         4280.0          0.737
    4004    4092       1        0.01266         2492.0          1.266
    4004    4095       1        0.01266         2492.0          1.266
    4005    4006       1        0.00451         6995.0          0.451
    4005    4006       1        0.00446         7076.0          0.446
    4005    4102       1        0.02316         1363.0          2.316
    4005    4102       1           0.02         1580.0            2.0
    4005    4202       1         0.0082         3851.0           0.82
    4005    6202       1        0.03304          955.0          3.304
    4006    4007       1         0.0003       105233.0           0.03
    4006    4007       1         0.0003       105233.0           0.03
    4006    4202       1         0.0082         3851.0           0.82
    4008    6401       1         0.0673          468.0           6.73
    4009    4010       1        0.00131        24088.0          0.131
    4009    4010       1        0.00116        27195.0          0.116
    4009    4104       1           0.02         1572.0            2.0
    4092    4093       1        0.00165        19144.0          0.165
    4093    4094       1       -0.01263         2501.0         -1.263
    4095    4096       1        0.00165        19144.0          0.165
    4096    4097       1       -0.01263         2501.0         -1.263
    4101    4102       1        0.02069         1525.0          2.069
    4101    4102       1        0.02069         1525.0          2.069
    4101    4103       1          0.074          427.0            7.4
    4101    4103       1           0.02         1572.0            2.0
    4101    4201       1         0.0082         3851.0           0.82
    4101    4201       1         0.0082         3851.0           0.82
    4102    4201       1         0.0082         3851.0           0.82
    4102    4201       1         0.0082         3851.0           0.82
    4102    4202       1         0.0082         3851.0           0.82
    4102    4202       1         0.0082         3851.0           0.82
    4102    6202       1        0.02258         1397.0          2.258
    4103    6202       1          0.074          427.0            7.4
    4104    5004       1           0.02         1572.0            2.0
    4201    4202       1        0.02408         1311.0          2.408
    4201    5001       1         0.0239         1321.0           2.39
    4202    4203       1        0.00165        17775.0          0.165
    4203    4204       1        0.01266         2491.0          1.266
    5001    5002       1           0.07          451.0            7.0
    5003    5004       1           0.02         1572.0            2.0
    6102    6103       1        0.02316         1363.0          2.316
    6102    6301       1         0.0046         6867.0           0.46
    6102    6403       1         0.0673          468.0           6.73
    6103    6301       1         0.0046         6867.0           0.46
    6103    6301       1         0.0046         6867.0           0.46
    6103    6501       1         0.0673          468.0           6.73
    6103    6501       1         0.0673          468.0           6.73
    6104    6204       1         0.0965          326.0           9.65
    6104    6305       1         0.0965          326.0           9.65
    6201    6202       1        0.01405         2231.0          1.405
    6203    6205       1          0.074          427.0            7.4
    6204    6205       1          0.025         1263.0            2.5
    6203    6303       1         0.0965          326.0           9.65
    6203    6303       1         0.0965          326.0           9.65
    6203    6304       1         0.0965          326.0           9.65
    6302    7001       1         0.0046         6867.0           0.46
    6303    6304       1         0.0965          326.0           9.65
    6303    6305       1         0.0965          326.0           9.65
    6303    6305       1         0.0965          326.0           9.65
    6305    6510       1         0.0965          326.0           9.65
    6305    6510       1         0.0965          326.0           9.65
    6401    6403       1         0.0673          468.0           6.73
    6401    6403       1         0.0673          468.0           6.73
    6401    6404       1         0.0965          326.0           9.65
    6403    6404       1         0.0673          468.0           6.73
    6404    6507       1         0.0965          326.0           9.65
    6501    6502       1        0.00332         7711.0          0.332
    6501    6504       1        0.00238         9952.0          0.238
    6501    6509       1        0.00226        11408.0          0.226
    6501    6509       1        0.00226        11408.0          0.226
    6502    6503       1         0.0602          523.0           6.02
    6502    6503       1         0.0537          586.0           5.37
    6502    6504       1        0.00225        11202.0          0.225
    6502    6504       1        0.00238         9952.0          0.238
    6502    6504       1        0.00225        11202.0          0.225
    6502    6504       1        0.00238         9952.0          0.238
    6502    6508       1         0.0172         1833.0           1.72
    6502    6509       1        0.00106        23786.0          0.106
    6502    6509       1        0.00106        23786.0          0.106
    6503    6504       1         0.0349          902.0           3.49
    6503    6505       1         0.0878          358.0           8.78
    6503    6507       1         0.0374          842.0           3.74
    6503    6507       1         0.0372          846.0           3.72
    6503    6508       1         0.0392          803.0           3.92
    6504    6507       1          0.034          924.0            3.4
    6504    6507       1         0.0349          902.0           3.49
    6504    7002       1         0.1369          231.0          13.69
    7001    7002       1         0.0046         6867.0           0.46
    8001    8002       1         0.0111         2817.0           1.11
    8003    8004       1        0.13702          229.0         13.702
    8003    8005       1        0.27403          115.0         27.403
    8003    8005       1        0.27403          115.0         27.403
    8004    8005       1        0.13702          229.0         13.702
    1001    1002       1          0.011         2872.0            1.1
    1001    1002       1          0.011         2872.0            1.1
    1002    1003       1         0.0138         2289.0           1.38
    1002    1003       1         0.0139         2272.0           1.39
    1101    1102       1         0.0146         2164.0           1.46
    1101    1102       1         0.0146         2164.0           1.46
    1302    1303       1         0.0072         4388.0           0.72
    1401    1403       1         0.0138         2289.0           1.38
    2100    2400       1         0.0138         2289.0           1.38
    2201    2202       1          0.005         6318.0            0.5
    2201    2202       1          0.005         6318.0            0.5
    2301    2302       1          0.005         6318.0            0.5
    2301    2302       1          0.005         6318.0            0.5
    2402    2409       1          0.005         6318.0            0.5
    2404    2411       1        0.01149         2750.0          1.149
    2404    2411       1        0.01149         2750.0          1.149
    2404    2411       1        0.01149         2750.0          1.149
    2405    2619       1        0.00115        27468.0          0.115
    2501    2502       1          0.005         6318.0            0.5
    2501    2502       1          0.005         6318.0            0.5
    2501    2502       1          0.005         6318.0            0.5
    2601    2612       1        0.01386         2279.0          1.386
    2602    2615       1        0.01386         2279.0          1.386
    2602    2615       1        0.01386         2279.0          1.386
    2603    2607       1        0.02338         1351.0          2.338
    2605    2621       1        0.01491         2117.0          1.491
    2606    2621       1        0.01491         2117.0          1.491
    2614    2621       1         0.0133         2375.0           1.33
    2614    2621       1         0.0134         2357.0           1.34
    3102    3104       1         0.0299         1056.0           2.99
    3301    3303       1         0.0174         1816.0           1.74
    3301    3303       1         0.0174         1816.0           1.74
    3301    3303       1         0.0174         1816.0           1.74
    3701    6402       1         0.0299         1056.0           2.99
    3701    6402       1         0.0299         1056.0           2.99
    3802    3804       1         0.0174         1816.0           1.74
    3803    3805       1         0.0174         1816.0           1.74
    3803    3805       1         0.0119         2655.0           1.19
    3901    3917       1         0.0174         1816.0           1.74
    3902    3918       1         0.0174         1816.0           1.74
    3903    3923       1         0.0174         1816.0           1.74
    3904    3924       1         0.0125         2527.0           1.25
    3905    3922       1         0.0174         1816.0           1.74
    3906    3921       1         0.0174         1816.0           1.74
    3911    3925       1         0.0299         1056.0           2.99
    3920    3926       1         0.0299         1056.0           2.99
    3920    3926       1         0.0299         1056.0           2.99
    4001    4008       1         0.0072         4388.0           0.72
    4006    4009       1        0.01181         2675.0          1.181
    4006    4009       1        0.00735         4298.0          0.735
    4007    4010       1        0.00221        14293.0          0.221
    4103    4104       1           0.01         3159.0            1.0
    5002    5003       1           0.01         3159.0            1.0
    6101    6102       1         0.0072         4388.0           0.72
    6103    6104       1         0.0181         1745.0           1.81
    6201    6203       1         0.0181         1745.0           1.81
    6202    6204       1         0.0181         1745.0           1.81
    6301    6303       1         0.0181         1745.0           1.81
    6302    6304       1         0.0181         1745.0           1.81
    6401    6402       1         0.0299         1056.0           2.99
    6401    6402       1         0.0299         1056.0           2.99
    6501    6510       1         0.0181         1745.0           1.81
    6501    6510       1         0.0181         1745.0           1.81
    6505    6506       1         0.0195         1620.0           1.95
    8001    8003       1         0.0174         1816.0           1.74
    8002    8005       1         0.0174         1816.0           1.74
    1002    1032       1         0.0005        63175.0           0.05
    1004    1034       1         0.0005        63175.0           0.05
    1101    1131       1         0.0005        63175.0           0.05
    1202    1232       1         0.0005        63175.0           0.05
    1301    1331       1         0.0005        63175.0           0.05
    1303    1333       1         0.0005        63175.0           0.05
    1401    1431       1         0.0005        63175.0           0.05
    2000    2030       1         0.0005        63175.0           0.05
    2100    2130       1         0.0005        63175.0           0.05
    2203    2233       1         0.0005        63175.0           0.05
    2302    2332       1         0.0005        63175.0           0.05
    2408    2438       1         0.0005        63175.0           0.05
    2503    2533       1         0.0005        63175.0           0.05
    2604    2634       1         0.0005        63175.0           0.05
    2608    2638       1         0.0005        63175.0           0.05
    2610    2630       1         0.0005        63175.0           0.05
    2611    2631       1         0.0005        63175.0           0.05
    2612    2637       1         0.0005        63175.0           0.05
    3103    3133       1         0.0005        63175.0           0.05
    3105    3135       1         0.0005        63175.0           0.05
    3204    3234       1         0.0005        63175.0           0.05
    3303    3333       1         0.0005        63175.0           0.05
    3402    3432       1         0.0005        63175.0           0.05
    3403    3433       1         0.0005        63175.0           0.05
    3501    3531       1         0.0005        63175.0           0.05
    3601    3631       1         0.0005        63175.0           0.05
    3701    3731       1         0.0005        63175.0           0.05
    3801    3831       1         0.0005        63175.0           0.05
    3805    3835       1         0.0005        63175.0           0.05
    3806    3836       1         0.0005        63175.0           0.05
    3902    3932       1         0.0005        63175.0           0.05
    3921    3931       1         0.0005        63175.0           0.05
    3923    3933       1         0.0005        63175.0           0.05
    4001    4031       1         0.0005        63175.0           0.05
    4005    4035       1         0.0005        63175.0           0.05
    4009    4039       1         0.0005        63175.0           0.05
    4101    4131       1         0.0005        63175.0           0.05
    4102    4132       1         0.0005        63175.0           0.05
    4201    4231       1         0.0005        63175.0           0.05
    4202    4232       1         0.0005        63175.0           0.05
    5001    5031       1         0.0005        63175.0           0.05
    5002    5032       1         0.0005        63175.0           0.05
    6102    6132       1         0.0005        63175.0           0.05
    6201    6231       1         0.0005        63175.0           0.05
    6205    6235       1         0.0005        63175.0           0.05
    6303    6333       1         0.0005        63175.0           0.05
    6305    6335       1         0.0005        63175.0           0.05
    6403    6433       1         0.0005        63175.0           0.05
    6503    6533       1         0.0005        63175.0           0.05
    7001    7031       1         0.0005        63175.0           0.05
    7002    7032       1         0.0005        63175.0           0.05
    8003    8033       1         0.0005        63175.0           0.05
    8004    8034       1         0.0005        63175.0           0.05

Demand and Generation by bus: 240
Bus G1 D1
    4096            0.0            0.0
    4097            0.0            0.0
    4101            0.0       995.0275
    4102            0.0        480.649
    4103            0.0        11.6269
    1032          357.0            0.0
    4104            0.0      2527.7724
    1034          700.0            0.0
    3601            0.0       104.8564
    3101            0.0       341.3057
    3102            0.0       159.4648
    3103            0.0       419.6109
    3104            0.0       309.9718
    3105            0.0       239.3018
    4131          120.0            0.0
    4132           87.5            0.0
    2600            0.0     -1863.9044
    2601            0.0            0.0
    2602            0.0        99.2784
    2603            0.0            0.0
    2604            0.0      2050.7816
    2605            0.0            0.0
    2606            0.0            0.0
    2607            0.0            0.0
    2608            0.0        99.2784
    2609            0.0       134.0261
    2610            0.0        99.2784
    2611            0.0        99.2784
    2100            0.0       281.1513
    2612            0.0       120.1277
    2613            0.0        317.693
    2614            0.0       137.0047
    2615            0.0       801.9756
    2616            0.0       116.1565
    2617            0.0       120.1277
    2618            0.0       881.2994
    2619            0.0     -2773.8339
    2620            0.0       203.7206
    2621            0.0       235.4897
    3133           0.05            0.0
    3135           13.0            0.0
    6201            0.0         205.82
    6202            0.0        88.7215
    6203            0.0      1112.3464
    6204            0.0      1199.2957
    6205            0.0       489.2825
    2630         1346.0            0.0
    2631          159.0            0.0
    8001            0.0            0.0
    2634          950.0            0.0
    1101            0.0      4527.3661
    1102            0.0       176.4436
    2637           55.0            0.0
    2638            0.0            0.0
    2130           86.0            0.0
    6231           70.0            0.0
    6235           95.0            0.0
    8002            0.0            0.0
    3932          739.0            0.0
    4201            0.0      5762.6589
    4202            0.0      4558.2389
    1131          120.0            0.0
    4203            0.0      4379.6262
    4204            0.0      1014.5202
    3701            0.0       317.0506
    8003            0.0       652.6717
    3933         -224.5            0.0
    3201            0.0       462.4769
    3202            0.0       586.1795
    3203            0.0       657.1046
    3204            0.0       668.7879
    3205            0.0       546.0609
    4231           23.5            0.0
    4232          107.5            0.0
    3731          127.5            0.0
    8004            0.0      3787.8915
    2201            0.0            0.0
    2202            0.0       1545.949
    2203            0.0      1708.5525
    6301            0.0       516.3779
    6302            0.0       591.8185
    6303            0.0       746.6019
    6304            0.0            0.0
    6305            0.0        60.2324
    3234          345.0            0.0
    8005            0.0      1321.2379
    1201            0.0       166.9882
    1202            0.0         875.61
    2233          250.0            0.0
    6333          124.0            0.0
    6335          406.0            0.0
    1232          628.0            0.0
    3801            0.0       191.2229
    3802            0.0            0.0
    3803            0.0            0.0
    3804            0.0       223.6404
    3805            0.0       499.3888
    3806            0.0       289.5858
    3301            0.0            0.0
    3302            0.0       345.3259
    3303            0.0       625.4106
    3304            0.0       533.4822
    3305            0.0       430.3196
    3831         1133.5            0.0
    3835         -255.0            0.0
    3836          510.5            0.0
    2301            0.0            0.0
    2302            0.0            0.0
    6401            0.0      1672.3727
    6402            0.0       272.5124
    6403            0.0         2.1985
    6404            0.0          28.98
    3333          106.5            0.0
    1301            0.0      2704.7793
    1302            0.0        17.5556
    1303            0.0       6235.136
    2332          559.0            0.0
    6433           25.0            0.0
    1331         1219.0            0.0
    3891            0.0            0.0
    1333           37.5            0.0
    3892            0.0            0.0
    3893            0.0            0.0
    3894            0.0            0.0
    3895            0.0            0.0
    3896            0.0            0.0
    3897            0.0            0.0
    3901            0.0            0.0
    3902            0.0       152.9913
    3903            0.0       213.2478
    3904            0.0            0.0
    3905            0.0            0.0
    3906            0.0            0.0
    3907            0.0       461.3573
    3908            0.0       200.2788
    3909            0.0        170.957
    3910            0.0       241.8392
    3911            0.0       233.1345
    3912            0.0       174.5029
    3401            0.0       557.7071
    3402            0.0            0.0
    3403            0.0       515.9687
    3404            0.0        438.461
    3405            0.0       448.8976
    3913            0.0       329.5484
    3914            0.0       227.7536
    3915            0.0       254.4589
    3916            0.0       155.0024
    3917            0.0       238.1882
    3918            0.0       319.2809
    3919            0.0       184.5093
    2901            0.0            0.0
    2902            0.0            0.0
    3920            0.0       172.5018
    3921            0.0       150.8902
    3922            0.0       253.4454
    3923            0.0       399.0618
    3924            0.0       332.4879
    3925            0.0            0.0
    3631           71.5            0.0
    3926            0.0       267.3529
    3931         1848.0            0.0
    2400            0.0       843.2926
    2401            0.0       882.3636
    2402            0.0      1080.0201
    2403            0.0       1050.004
    2404            0.0            0.0
    2405            0.0       824.6826
    2406            0.0       737.4036
    2407            0.0       1732.771
    2408            0.0      1743.2768
    2409            0.0      1601.7777
    2410            0.0      1576.7872
    2411            0.0      1087.6239
    3432          147.0            0.0
    3433         1008.0            0.0
    6501            0.0       195.5463
    6502            0.0      1555.5773
    6503            0.0       441.1533
    6504            0.0       296.9666
    6505            0.0         6.7947
    6506            0.0            0.0
    6507            0.0        540.775
    6508            0.0       131.8343
    6509            0.0         8.5932
    6510            0.0      1946.0167
    7031           0.05            0.0
    1401            0.0      6535.5365
    1402            0.0      5366.6305
    1403            0.0            0.0
    7032            0.0            0.0
    6533           30.5            0.0
    2438         -503.0            0.0
    5001            0.0      7574.0522
    5002            0.0      9003.9839
    5003            0.0       615.2178
    5004            0.0            0.0
    1431           15.0            0.0
    7001            0.0      7453.9144
    7002            0.0      2554.8345
    4001            0.0            0.0
    4002            0.0       168.6841
    4003            0.0            0.0
    4004            0.0       270.4505
    4005            0.0       480.1144
    4006            0.0            0.0
    4007            0.0            0.0
    4008            0.0       285.1446
    4009            0.0      2208.7429
    4010            0.0      3133.6101
    5031         4399.4            0.0
    5032          270.5            0.0
    3501            0.0       625.0164
    4031          120.0            0.0
    4035          488.0            0.0
    2501            0.0            0.0
    2502            0.0      2369.1531
    2503            0.0      1845.9256
    4039          187.5            0.0
    3531           15.0            0.0
    2000            0.0       2207.188
    6101            0.0            0.0
    6102            0.0      1053.1441
    6103            0.0        391.888
    6104            0.0       1694.958
    8033          786.0            0.0
    2533         1116.0            0.0
    8034          344.0            0.0
    1001            0.0            0.0
    1002            0.0       226.8419
    1003            0.0      2153.3224
    1004            0.0      1037.9499
    2030          349.5            0.0
    6132          118.0            0.0
    4090            0.0            0.0
    4091            0.0            0.0
    4092            0.0            0.0
    4093            0.0            0.0
    4094            0.0            0.0
    4095            0.0            0.0
