Bus data: 30

Existing lines: 41
Bfr Bto Nc X Cap. Cost
       1       2       1         0.0575          130.0     0.0
       1       3       1         0.1852          130.0     0.0
       2       4       1         0.1737           65.0     0.0
       3       4       1         0.0379          130.0     0.0
       2       5       1         0.1983          130.0     0.0
       2       6       1         0.1763           65.0     0.0
       4       6       1         0.0414           90.0     0.0
       5       7       1          0.116           70.0     0.0
       6       7       1          0.082          130.0     0.0
       6       8       1          0.042           32.0     0.0
       6       9       1          0.208           65.0     0.0
       6      10       1          0.556           32.0     0.0
       9      11       1          0.208           65.0     0.0
       9      10       1           0.11           65.0     0.0
       4      12       1          0.256           65.0     0.0
      12      13       1           0.14           65.0     0.0
      12      14       1         0.2559           32.0     0.0
      12      15       1         0.1304           32.0     0.0
      12      16       1         0.1987           32.0     0.0
      14      15       1         0.1997           16.0     0.0
      16      17       1         0.1932           16.0     0.0
      15      18       1         0.2185           16.0     0.0
      18      19       1         0.1292           16.0     0.0
      19      20       1          0.068           32.0     0.0
      10      20       1          0.209           32.0     0.0
      10      17       1         0.0845           32.0     0.0
      10      21       1         0.0749           32.0     0.0
      10      22       1         0.1499           32.0     0.0
      21      22       1         0.0236           32.0     0.0
      15      23       1          0.202           16.0     0.0
      22      24       1          0.179           16.0     0.0
      23      24       1           0.27           16.0     0.0
      24      25       1         0.3292           16.0     0.0
      25      26       1           0.38           16.0     0.0
      25      27       1         0.2087           16.0     0.0
      28      27       1          0.396           65.0     0.0
      27      29       1         0.4153           16.0     0.0
      27      30       1         0.6027           16.0     0.0
      29      30       1         0.4533           16.0     0.0
       8      28       1            0.2           32.0     0.0
       6      28       1         0.0599           32.0     0.0

Candidate lines: 41
Bfr Bto Nc X Cap. Cost
       1       2       1         0.0575          130.0           5.75
       1       3       1         0.1852          130.0          18.52
       2       4       1         0.1737           65.0          17.37
       3       4       1         0.0379          130.0           3.79
       2       5       1         0.1983          130.0          19.83
       2       6       1         0.1763           65.0          17.63
       4       6       1         0.0414           90.0           4.14
       5       7       1          0.116           70.0           11.6
       6       7       1          0.082          130.0            8.2
       6       8       1          0.042           32.0            4.2
       6       9       1          0.208           65.0           20.8
       6      10       1          0.556           32.0           55.6
       9      11       1          0.208           65.0           20.8
       9      10       1           0.11           65.0           11.0
       4      12       1          0.256           65.0           25.6
      12      13       1           0.14           65.0           14.0
      12      14       1         0.2559           32.0          25.59
      12      15       1         0.1304           32.0          13.04
      12      16       1         0.1987           32.0          19.87
      14      15       1         0.1997           16.0          19.97
      16      17       1         0.1932           16.0          19.32
      15      18       1         0.2185           16.0          21.85
      18      19       1         0.1292           16.0          12.92
      19      20       1          0.068           32.0            6.8
      10      20       1          0.209           32.0           20.9
      10      17       1         0.0845           32.0           8.45
      10      21       1         0.0749           32.0           7.49
      10      22       1         0.1499           32.0          14.99
      21      22       1         0.0236           32.0           2.36
      15      23       1          0.202           16.0           20.2
      22      24       1          0.179           16.0           17.9
      23      24       1           0.27           16.0           27.0
      24      25       1         0.3292           16.0          32.92
      25      26       1           0.38           16.0           38.0
      25      27       1         0.2087           16.0          20.87
      28      27       1          0.396           65.0           39.6
      27      29       1         0.4153           16.0          41.53
      27      30       1         0.6027           16.0          60.27
      29      30       1         0.4533           16.0          45.33
       8      28       1            0.2           32.0           20.0
       6      28       1         0.0599           32.0           5.99

Generation and demand by bus: 24
Bus G1 D1
       1          125.0            0.0
       2           50.0           21.7
       3            0.0            2.4
       4            0.0            7.6
       5           32.5           94.2
       7            0.0           22.8
       8           22.5           30.0
      10            0.0            5.8
      11           20.0            0.0
      12            0.0           11.2
      13           26.0            0.0
      14            0.0            6.2
      15            0.0            8.2
      16            0.0            3.5
      17            0.0            9.0
      18            0.0            3.2
      19            0.0            9.5
      20            0.0            2.2
      21            0.0           17.5
      23            0.0            3.2
      24            0.0            8.7
      26            0.0            3.5
      29            0.0            2.4
      30            0.0           10.6
