Bus data: 300

Existing circuits: 411
Bfr Bto Nc X Cap. Cost
      37    9001       1        0.00046         9900.0     0.0
    9001    9005       1        0.00348         8215.0     0.0
    9001    9006       1        0.43682           68.0     0.0
    9001    9012       1        0.64898           46.0     0.0
    9005    9051       1        0.37486           79.0     0.0
    9005    9052       1        0.37486           79.0     0.0
    9005    9053       1        0.38046           78.0     0.0
    9005    9054       1          0.152          193.0     0.0
    9005    9055       1            0.8           37.0     0.0
    9006    9007       1        0.24666          117.0     0.0
    9006    9003       1        0.49332           59.0     0.0
    9006    9003       1        0.49332           59.0     0.0
    9012    9002       1        0.43286           67.0     0.0
    9012    9002       1        0.43286           67.0     0.0
    9002    9021       1        0.07026          332.0     0.0
    9021    9023       1        0.95278           21.0     0.0
    9021    9022       1         2.8152           11.0     0.0
    9002    9024       1         3.2202            9.0     0.0
    9023    9025       1          3.944            8.0     0.0
    9023    9026       1         3.6152            8.0     0.0
    9007    9071       1         2.9668           10.0     0.0
    9007    9072       1          2.057           15.0     0.0
    9007    9003       1        0.24666          116.0     0.0
    9003    9031       1         4.6724            7.0     0.0
    9003    9032       1         4.8846            6.0     0.0
    9003    9033       1         4.8056            7.0     0.0
    9003    9044       1        0.06352          302.0     0.0
    9044    9004       1        0.02894          611.0     0.0
    9004    9041       1          2.456           12.0     0.0
    9004    9042       1         5.4536            6.0     0.0
    9004    9043       1         1.6994           18.0     0.0
    9003    9034       1         1.3912           21.0     0.0
    9003    9035       1         3.4572            9.0     0.0
    9003    9036       1         1.6729           18.0     0.0
    9003    9037       1         2.5712           12.0     0.0
    9003    9038       1         2.9668           10.0     0.0
    9012    9121       1        0.99036           29.0     0.0
    9053    9533       1           0.75           40.0     0.0
       1       5       1          0.006         4823.0     0.0
       2       6       1          0.009         3240.0     0.0
       2       8       1          0.027         1061.0     0.0
       3       7       1          0.003         9778.0     0.0
       3      19       1          0.069          423.0     0.0
       3     150       1          0.007         4149.0     0.0
       4      16       1          0.019         1536.0     0.0
       5       9       1          0.029          991.0     0.0
       7      12       1          0.009         3240.0     0.0
       7     131       1          0.007         4149.0     0.0
       8      11       1         0.0595          482.0     0.0
       8      14       1          0.042          668.0     0.0
       9      11       1          0.027         1061.0     0.0
      11      13       1          0.034          840.0     0.0
      12      21       1          0.015         1939.0     0.0
      13      20       1          0.034          850.0     0.0
      14      15       1          0.042          663.0     0.0
      15      37       1          0.248          115.0     0.0
      15      89       1          0.248          110.0     0.0
      15      90       1          0.363           79.0     0.0
      16      42       1          0.022         1328.0     0.0
      19      21       1          0.018         1620.0     0.0
      19      87       1           0.08          362.0     0.0
      20      22       1          0.033          800.0     0.0
      20      27       1          0.186          148.0     0.0
      21      24       1          0.034          857.0     0.0
      22      23       1          0.111          240.0     0.0
      23      25       1          0.039          677.0     0.0
      24     319       1          0.068          430.0     0.0
      25      26       1          0.071          369.0     0.0
      26      27       1           0.12          229.0     0.0
      26     320       1           0.13          215.0     0.0
      33      34       1          0.063          466.0     0.0
      33      38       1          0.012         2393.0     0.0
      33      40       1          0.029          991.0     0.0
      33      41       1          0.043          674.0     0.0
      34      42       1          0.008         3639.0     0.0
      35      72       1           0.06          480.0     0.0
      35      76       1          0.014         1926.0     0.0
      35      77       1          0.029          957.0     0.0
      36      88       1          0.027         1075.0     0.0
      37      38       1          0.047          616.0     0.0
      37      40       1          0.064          434.0     0.0
      37      41       1          0.036          786.0     0.0
      37      49       1          0.081          355.0     0.0
      37      89       1          0.254          108.0     0.0
      37      90       1          0.127          217.0     0.0
      38      41       1          0.037          775.0     0.0
      38      43       1          0.087          317.0     0.0
      39      42       1         0.0064         4564.0     0.0
      40      48       1          0.154          188.0     0.0
      41      42       1          0.029         1012.0     0.0
      41      49       1          0.191          146.0     0.0
      41      51       1          0.089          312.0     0.0
      42      46       1          0.014         2075.0     0.0
      43      44       1          0.072          384.0     0.0
      43      48       1          0.262          106.0     0.0
      43      53       1          0.039          714.0     0.0
      44      47       1          0.084          333.0     0.0
      44      54       1          0.084          332.0     0.0
      45      60       1          0.041          706.0     0.0
      45      74       1          0.054          536.0     0.0
      46      81       1          0.042          694.0     0.0
      47      73       1          0.145          191.0     0.0
      47     113       1          0.118          234.0     0.0
      48     107       1          0.062          439.0     0.0
      49      51       1          0.094          297.0     0.0
      51      52       1          0.109          255.0     0.0
      52      55       1           0.08          348.0     0.0
      53      54       1          0.073          381.0     0.0
      54      55       1          0.103          270.0     0.0
      55      57       1          0.169          162.0     0.0
      57      58       1           0.08          318.0     0.0
      57      63       1          0.537           53.0     0.0
      58      59       1          0.026         1067.0     0.0
      59      61       1          0.013         2231.0     0.0
      60      62       1          0.065          447.0     0.0
      62      64       1          0.105          277.0     0.0
      62     144       1          0.007         4149.0     0.0
      63     526       1          0.172          169.0     0.0
      69     211       1          0.232          124.0     0.0
      69      79       1          0.157          178.0     0.0
      70      71       1            0.1          280.0     0.0
      70     528       1         0.1234          235.0     0.0
      71      72       1          0.131          216.0     0.0
      71      73       1          0.099          281.0     0.0
      72      77       1          0.087          331.0     0.0
      72     531       1          0.193          151.0     0.0
      73      76       1          0.057          483.0     0.0
      73      79       1          0.052          534.0     0.0
      74      88       1          0.027         1075.0     0.0
      74     562       1         0.2013          145.0     0.0
      76      77       1          0.043          640.0     0.0
      77      78       1          0.006         4823.0     0.0
      77      80       1           0.07          411.0     0.0
      77     552       1         0.2676          104.0     0.0
      77     609       1         0.2127          130.0     0.0
      78      79       1          0.022         1287.0     0.0
      78      84       1          0.036          815.0     0.0
      79     211       1          0.375           76.0     0.0
      80     211       1          0.107          269.0     0.0
      81     194       1          0.033          884.0     0.0
      81     195       1          0.033          884.0     0.0
      85      86       1          0.064          455.0     0.0
      86      87       1          0.093          313.0     0.0
      86     323       1          0.048          607.0     0.0
      89      91       1          0.119          230.0     0.0
      90      92       1          0.174          166.0     0.0
      91      94       1          0.253          108.0     0.0
      91      97       1          0.077          367.0     0.0
      92     103       1          0.144          202.0     0.0
      92     105       1          0.092          314.0     0.0
      94      97       1          0.427           58.0     0.0
      97     100       1          0.053          512.0     0.0
      97     102       1          0.092          295.0     0.0
      97     103       1          0.122          224.0     0.0
      98     100       1          0.064          430.0     0.0
      98     102       1          0.121          234.0     0.0
      99     107       1          0.135          203.0     0.0
      99     108       1          0.004         6559.0     0.0
      99     109       1          0.354           83.0     0.0
      99     110       1          0.174          163.0     0.0
     100     102       1          0.038          712.0     0.0
     102     104       1          0.064          381.0     0.0
     103     105       1          0.062          453.0     0.0
     104     108       1           0.13          195.0     0.0
     104     322       1          0.124          223.0     0.0
     105     107       1          0.088          331.0     0.0
     105     110       1            0.4           69.0     0.0
     108     324       1          0.208          133.0     0.0
     109     110       1          0.184          149.0     0.0
     109     113       1          0.274          101.0     0.0
     109     114       1          0.393           72.0     0.0
     110     112       1          0.404           69.0     0.0
     112     114       1          0.042          648.0     0.0
     115     122       1         0.0199         1451.0     0.0
     116     120       1         0.1049          280.0     0.0
     117     118       1         0.0018         9900.0     0.0
     118     119       1         0.0271         1083.0     0.0
     118    1201       1         0.6163           48.0     0.0
    1201     120       1        -0.3697           80.0     0.0
     118     121       1         0.2915          101.0     0.0
     119     120       1         0.0339          866.0     0.0
     119     121       1         0.0582          504.0     0.0
     122     123       1         0.2344          119.0     0.0
     122     125       1         0.3669           78.0     0.0
     123     124       1         0.1076          259.0     0.0
     123     125       1         0.1414          197.0     0.0
     125     126       1         0.0197         1489.0     0.0
     126     127       1         0.0405          717.0     0.0
     126     129       1         0.1106          264.0     0.0
     126     132       1         0.1688          173.0     0.0
     126     157       1           0.05          584.0     0.0
     126     158       1         0.0538          540.0     0.0
     126     169       1         0.1157          251.0     0.0
     127     128       1         0.0577          506.0     0.0
     127     134       1         0.0336          864.0     0.0
     127     168       1         0.0577          506.0     0.0
     128     130       1         0.0773          378.0     0.0
     128     133       1         0.0193         1507.0     0.0
     129     130       1         0.0752          389.0     0.0
     129     133       1         0.0186         1568.0     0.0
     130     132       1         0.0164         1781.0     0.0
     130     151       1         0.0165         1769.0     0.0
     130     167       1         0.0793          369.0     0.0
     130     168       1         0.0784          373.0     0.0
     133     137       1         0.0117         2481.0     0.0
     133     168       1         0.0193         1507.0     0.0
     133     169       1         0.0186         1568.0     0.0
     133     171       1         0.0101         2904.0     0.0
     134     135       1         0.0293          991.0     0.0
     134     184       1         0.0381          766.0     0.0
     135     136       1         0.0623          466.0     0.0
     136     137       1          0.089          327.0     0.0
     136     152       1          0.039          745.0     0.0
     137     140       1         0.0114         2551.0     0.0
     137     181       1         0.0034         8536.0     0.0
     137     186       1         0.0151         1941.0     0.0
     137     188       1         0.0034         8536.0     0.0
     139     172       1         0.2248          127.0     0.0
     140     141       1         0.0836          348.0     0.0
     140     142       1         0.1132          257.0     0.0
     140     145       1         0.3369           87.0     0.0
     140     146       1         0.3031           96.0     0.0
     140     147       1         0.3492           84.0     0.0
     140     182       1         0.0089         3262.0     0.0
     141     146       1         0.2267          129.0     0.0
     142     143       1          0.057          512.0     0.0
     143     145       1         0.0773          378.0     0.0
     143     149       1         0.0909          320.0     0.0
     145     146       1         0.0588          494.0     0.0
     145     149       1         0.1511          193.0     0.0
     146     147       1         0.0504          576.0     0.0
     148     178       1         0.1526          182.0     0.0
     148     179       1         0.3919           71.0     0.0
     152     153       1         0.0957          304.0     0.0
     153     161       1         0.0288         1001.0     0.0
     154     156       1         0.3161           82.0     0.0
     154     183       1         0.3054           93.0     0.0
     155     161       1         0.0568          507.0     0.0
     157     159       1         0.0098         2984.0     0.0
     158     159       1         0.0285         1024.0     0.0
     158     160       1         0.0448          648.0     0.0
     162     164       1         0.0326          898.0     0.0
     162     165       1         0.0245         1195.0     0.0
     163     164       1         0.0514          569.0     0.0
     165     166       1         0.0123         2385.0     0.0
     167     169       1         0.0178         1640.0     0.0
     172     173       1         0.4843           60.0     0.0
     172     174       1          0.221          129.0     0.0
     173     174       1         0.3331           86.0     0.0
     173     175       1         0.3071           93.0     0.0
     173     176       1         0.5017           56.0     0.0
     175     176       1         0.3626           79.0     0.0
     175     179       1         0.3092           93.0     0.0
     176     177       1         0.0829          339.0     0.0
     177     178       1         0.0847          335.0     0.0
     178     179       1         0.1855          153.0     0.0
     178     180       1          0.029          990.0     0.0
     181     138       1         0.0202         1452.0     0.0
     181     187       1         0.0083         3530.0     0.0
     184     185       1         0.0245         1192.0     0.0
     186     188       1         0.0086         3400.0     0.0
     187     188       1         0.0086         3400.0     0.0
     188     138       1         0.0202         1452.0     0.0
     189     208       1          0.095          292.0     0.0
     189     209       1          0.069          354.0     0.0
     190     231       1         0.0022         9900.0     0.0
     190     240       1         0.0275         1067.0     0.0
     191     192       1          0.048          610.0     0.0
     192     225       1          0.009         3182.0     0.0
     193     205       1          0.063          379.0     0.0
     193     208       1          0.127          217.0     0.0
     194     219       1         0.0286         1020.0     0.0
     194     664       1         0.0355          825.0     0.0
     195     219       1         0.0286         1020.0     0.0
     196     197       1           0.04          693.0     0.0
     196     210       1          0.081          340.0     0.0
     197     198       1           0.06          483.0     0.0
     197     211       1           0.04          687.0     0.0
     198     202       1          0.688           39.0     0.0
     198     203       1          0.046          626.0     0.0
     198     210       1          0.073          388.0     0.0
     198     211       1          0.109          257.0     0.0
     199     200       1          0.135          190.0     0.0
     199     210       1          0.102          268.0     0.0
     200     210       1          0.128          194.0     0.0
     201     204       1          0.183          133.0     0.0
     203     211       1          0.059          491.0     0.0
     204     205       1          0.068          358.0     0.0
     205     206       1          0.446           55.0     0.0
     206     207       1          0.093          249.0     0.0
     206     208       1          0.421           61.0     0.0
     212     215       1         0.0778          372.0     0.0
     213     214       1          0.038          771.0     0.0
     214     215       1         0.0185         1579.0     0.0
     214     242       1         0.0108         2691.0     0.0
     215     216       1         0.0249         1160.0     0.0
     216     217       1         0.0497          589.0     0.0
     217     218       1         0.0456          644.0     0.0
     217     219       1         0.0177         1657.0     0.0
     217     220       1         0.0395          741.0     0.0
     219     237       1         0.0018         9900.0     0.0
     220     218       1         0.0484          605.0     0.0
     220     221       1         0.0295          994.0     0.0
     220     238       1         0.0046         6023.0     0.0
     221     223       1         0.0013         9900.0     0.0
     222     237       1         0.0514          571.0     0.0
     224     225       1          0.064          453.0     0.0
     224     226       1         0.0081         3526.0     0.0
     225     191       1          0.061          481.0     0.0
     226     231       1         0.0212         1384.0     0.0
     227     231       1         0.0472          622.0     0.0
     228     229       1         0.0087         3294.0     0.0
     228     231       1         0.0917          320.0     0.0
     228     234       1         0.0288         1018.0     0.0
     229     190       1         0.0626          469.0     0.0
     231     232       1         0.0069         4250.0     0.0
     231     237       1         0.0006         9900.0     0.0
     232     233       1         0.0485          605.0     0.0
     234     235       1         0.0259         1133.0     0.0
     234     237       1         0.0272         1079.0     0.0
     235     238       1         0.0006         9900.0     0.0
     241     237       1         0.0154         1904.0     0.0
     240     281       1         0.0043         6805.0     0.0
     242     245       1         0.0851          344.0     0.0
     242     247       1         0.0723          401.0     0.0
     243     244       1         0.0355          778.0     0.0
     243     245       1         0.1804          161.0     0.0
     244     246       1         0.0551          502.0     0.0
     245     246       1         0.0732          392.0     0.0
     245     247       1         0.2119          137.0     0.0
     246     247       1         0.1285          224.0     0.0
     247     248       1         0.1215          228.0     0.0
     248     249       1         0.1004          276.0     0.0
     249     250       1         0.1857          150.0     0.0
       3       1       1          0.052          565.0     0.0
       3       2       1          0.052          565.0     0.0
       3       4       1          0.005         5867.0     0.0
       7       5       1          0.039          753.0     0.0
       7       6       1          0.039          753.0     0.0
      10      11       1          0.089          330.0     0.0
      12      10       1          0.053          554.0     0.0
      15      17       1         0.0311          801.0     0.0
      16      15       1          0.038          772.0     0.0
      21      20       1          0.014         2096.0     0.0
      24      23       1          0.064          459.0     0.0
      36      35       1          0.047          625.0     0.0
      45      44       1           0.02         1467.0     0.0
      45      46       1          0.021         1397.0     0.0
      62      61       1          0.059          498.0     0.0
      63      64       1          0.038          772.0     0.0
      73      74       1         0.0244         1203.0     0.0
      81      88       1           0.02         1467.0     0.0
      85      99       1          0.048          612.0     0.0
      86     102       1          0.048          612.0     0.0
      87      94       1          0.046          638.0     0.0
     114     207       1          0.149          197.0     0.0
     116     124       1         0.0174         1616.0     0.0
     121     115       1          0.028         1048.0     0.0
     122     157       1         0.0195         1504.0     0.0
     130     131       1          0.018         1630.0     0.0
     130     150       1          0.014         2096.0     0.0
     132     170       1         0.0402          730.0     0.0
     141     174       1         0.0603          487.0     0.0
     142     175       1         0.0498          589.0     0.0
     143     144       1         0.0833          353.0     0.0
     143     148       1         0.0371          791.0     0.0
     145     180       1         0.0182         1612.0     0.0
     151     170       1         0.0392          749.0     0.0
     153     183       1         0.0639          459.0     0.0
     155     156       1         0.0256         1146.0     0.0
     159     117       1          0.016         1834.0     0.0
     160     124       1         0.0396          741.0     0.0
     163     137       1         0.0384          764.0     0.0
     164     155       1         0.0231         1269.0     0.0
     182     139       1         0.0131         2239.0     0.0
     189     210       1          0.252          117.0     0.0
     193     196       1          0.237          124.0     0.0
     195     212       1         0.0366          802.0     0.0
     200     248       1           0.22          134.0     0.0
     201      69       1          0.098          300.0     0.0
     202     211       1          0.128          230.0     0.0
     204    2040       1          0.204          144.0     0.0
     209     198       1          0.211          138.0     0.0
     211     212       1         0.0122         2335.0     0.0
     218     219       1         0.0354          829.0     0.0
     223     224       1         0.0195         1502.0     0.0
     229     230       1         0.0332          884.0     0.0
     234     236       1          0.016         1833.0     0.0
     238     239       1          0.016         1833.0     0.0
     196    2040       1           0.02         1467.0     0.0
     119    1190       1          0.023         1275.0     0.0
     120    1200       1          0.023         1276.0     0.0
    7002       2       1         0.0146         2005.0     0.0
    7003       3       1        0.01054         2783.0     0.0
    7061      61       1         0.0238         1233.0     0.0
    7062      62       1        0.03214          913.0     0.0
    7166     166       1         0.0154         1905.0     0.0
    7024      24       1         0.0289         1015.0     0.0
    7001       1       1        0.01953         1502.0     0.0
    7130     130       1         0.0193         1520.0     0.0
    7011      11       1        0.01923         1526.0     0.0
    7023      23       1          0.023         1276.0     0.0
    7049      49       1         0.0124         2366.0     0.0
    7139     139       1         0.0167         1757.0     0.0
    7012      12       1         0.0312          941.0     0.0
    7017      17       1        0.01654         1774.0     0.0
    7039      39       1        0.03159          929.0     0.0
    7057      57       1        0.05347          549.0     0.0
    7044      44       1        0.18181          162.0     0.0
    7055      55       1        0.19607          150.0     0.0
    7071      71       1        0.06896          426.0     0.0

Candidate circuits: 411
Bfr Bto Nc X Cap. Cost
      37    9001       1        0.00046         9900.0          0.046
    9001    9005       1        0.00348         8215.0          0.348
    9001    9006       1        0.43682           68.0         43.682
    9001    9012       1        0.64898           46.0         64.898
    9005    9051       1        0.37486           79.0         37.486
    9005    9052       1        0.37486           79.0         37.486
    9005    9053       1        0.38046           78.0         38.046
    9005    9054       1          0.152          193.0           15.2
    9005    9055       1            0.8           37.0           80.0
    9006    9007       1        0.24666          117.0         24.666
    9006    9003       1        0.49332           59.0         49.332
    9006    9003       1        0.49332           59.0         49.332
    9012    9002       1        0.43286           67.0         43.286
    9012    9002       1        0.43286           67.0         43.286
    9002    9021       1        0.07026          332.0          7.026
    9021    9023       1        0.95278           21.0         95.278
    9021    9022       1         2.8152           11.0         281.52
    9002    9024       1         3.2202            9.0         322.02
    9023    9025       1          3.944            8.0          394.4
    9023    9026       1         3.6152            8.0         361.52
    9007    9071       1         2.9668           10.0         296.68
    9007    9072       1          2.057           15.0          205.7
    9007    9003       1        0.24666          116.0         24.666
    9003    9031       1         4.6724            7.0         467.24
    9003    9032       1         4.8846            6.0         488.46
    9003    9033       1         4.8056            7.0         480.56
    9003    9044       1        0.06352          302.0          6.352
    9044    9004       1        0.02894          611.0          2.894
    9004    9041       1          2.456           12.0          245.6
    9004    9042       1         5.4536            6.0         545.36
    9004    9043       1         1.6994           18.0         169.94
    9003    9034       1         1.3912           21.0         139.12
    9003    9035       1         3.4572            9.0         345.72
    9003    9036       1         1.6729           18.0         167.29
    9003    9037       1         2.5712           12.0         257.12
    9003    9038       1         2.9668           10.0         296.68
    9012    9121       1        0.99036           29.0         99.036
    9053    9533       1           0.75           40.0           75.0
       1       5       1          0.006         4823.0            0.6
       2       6       1          0.009         3240.0            0.9
       2       8       1          0.027         1061.0            2.7
       3       7       1          0.003         9778.0            0.3
       3      19       1          0.069          423.0            6.9
       3     150       1          0.007         4149.0            0.7
       4      16       1          0.019         1536.0            1.9
       5       9       1          0.029          991.0            2.9
       7      12       1          0.009         3240.0            0.9
       7     131       1          0.007         4149.0            0.7
       8      11       1         0.0595          482.0           5.95
       8      14       1          0.042          668.0            4.2
       9      11       1          0.027         1061.0            2.7
      11      13       1          0.034          840.0            3.4
      12      21       1          0.015         1939.0            1.5
      13      20       1          0.034          850.0            3.4
      14      15       1          0.042          663.0            4.2
      15      37       1          0.248          115.0           24.8
      15      89       1          0.248          110.0           24.8
      15      90       1          0.363           79.0           36.3
      16      42       1          0.022         1328.0            2.2
      19      21       1          0.018         1620.0            1.8
      19      87       1           0.08          362.0            8.0
      20      22       1          0.033          800.0            3.3
      20      27       1          0.186          148.0           18.6
      21      24       1          0.034          857.0            3.4
      22      23       1          0.111          240.0           11.1
      23      25       1          0.039          677.0            3.9
      24     319       1          0.068          430.0            6.8
      25      26       1          0.071          369.0            7.1
      26      27       1           0.12          229.0           12.0
      26     320       1           0.13          215.0           13.0
      33      34       1          0.063          466.0            6.3
      33      38       1          0.012         2393.0            1.2
      33      40       1          0.029          991.0            2.9
      33      41       1          0.043          674.0            4.3
      34      42       1          0.008         3639.0            0.8
      35      72       1           0.06          480.0            6.0
      35      76       1          0.014         1926.0            1.4
      35      77       1          0.029          957.0            2.9
      36      88       1          0.027         1075.0            2.7
      37      38       1          0.047          616.0            4.7
      37      40       1          0.064          434.0            6.4
      37      41       1          0.036          786.0            3.6
      37      49       1          0.081          355.0            8.1
      37      89       1          0.254          108.0           25.4
      37      90       1          0.127          217.0           12.7
      38      41       1          0.037          775.0            3.7
      38      43       1          0.087          317.0            8.7
      39      42       1         0.0064         4564.0           0.64
      40      48       1          0.154          188.0           15.4
      41      42       1          0.029         1012.0            2.9
      41      49       1          0.191          146.0           19.1
      41      51       1          0.089          312.0            8.9
      42      46       1          0.014         2075.0            1.4
      43      44       1          0.072          384.0            7.2
      43      48       1          0.262          106.0           26.2
      43      53       1          0.039          714.0            3.9
      44      47       1          0.084          333.0            8.4
      44      54       1          0.084          332.0            8.4
      45      60       1          0.041          706.0            4.1
      45      74       1          0.054          536.0            5.4
      46      81       1          0.042          694.0            4.2
      47      73       1          0.145          191.0           14.5
      47     113       1          0.118          234.0           11.8
      48     107       1          0.062          439.0            6.2
      49      51       1          0.094          297.0            9.4
      51      52       1          0.109          255.0           10.9
      52      55       1           0.08          348.0            8.0
      53      54       1          0.073          381.0            7.3
      54      55       1          0.103          270.0           10.3
      55      57       1          0.169          162.0           16.9
      57      58       1           0.08          318.0            8.0
      57      63       1          0.537           53.0           53.7
      58      59       1          0.026         1067.0            2.6
      59      61       1          0.013         2231.0            1.3
      60      62       1          0.065          447.0            6.5
      62      64       1          0.105          277.0           10.5
      62     144       1          0.007         4149.0            0.7
      63     526       1          0.172          169.0           17.2
      69     211       1          0.232          124.0           23.2
      69      79       1          0.157          178.0           15.7
      70      71       1            0.1          280.0           10.0
      70     528       1         0.1234          235.0          12.34
      71      72       1          0.131          216.0           13.1
      71      73       1          0.099          281.0            9.9
      72      77       1          0.087          331.0            8.7
      72     531       1          0.193          151.0           19.3
      73      76       1          0.057          483.0            5.7
      73      79       1          0.052          534.0            5.2
      74      88       1          0.027         1075.0            2.7
      74     562       1         0.2013          145.0          20.13
      76      77       1          0.043          640.0            4.3
      77      78       1          0.006         4823.0            0.6
      77      80       1           0.07          411.0            7.0
      77     552       1         0.2676          104.0          26.76
      77     609       1         0.2127          130.0          21.27
      78      79       1          0.022         1287.0            2.2
      78      84       1          0.036          815.0            3.6
      79     211       1          0.375           76.0           37.5
      80     211       1          0.107          269.0           10.7
      81     194       1          0.033          884.0            3.3
      81     195       1          0.033          884.0            3.3
      85      86       1          0.064          455.0            6.4
      86      87       1          0.093          313.0            9.3
      86     323       1          0.048          607.0            4.8
      89      91       1          0.119          230.0           11.9
      90      92       1          0.174          166.0           17.4
      91      94       1          0.253          108.0           25.3
      91      97       1          0.077          367.0            7.7
      92     103       1          0.144          202.0           14.4
      92     105       1          0.092          314.0            9.2
      94      97       1          0.427           58.0           42.7
      97     100       1          0.053          512.0            5.3
      97     102       1          0.092          295.0            9.2
      97     103       1          0.122          224.0           12.2
      98     100       1          0.064          430.0            6.4
      98     102       1          0.121          234.0           12.1
      99     107       1          0.135          203.0           13.5
      99     108       1          0.004         6559.0            0.4
      99     109       1          0.354           83.0           35.4
      99     110       1          0.174          163.0           17.4
     100     102       1          0.038          712.0            3.8
     102     104       1          0.064          381.0            6.4
     103     105       1          0.062          453.0            6.2
     104     108       1           0.13          195.0           13.0
     104     322       1          0.124          223.0           12.4
     105     107       1          0.088          331.0            8.8
     105     110       1            0.4           69.0           40.0
     108     324       1          0.208          133.0           20.8
     109     110       1          0.184          149.0           18.4
     109     113       1          0.274          101.0           27.4
     109     114       1          0.393           72.0           39.3
     110     112       1          0.404           69.0           40.4
     112     114       1          0.042          648.0            4.2
     115     122       1         0.0199         1451.0           1.99
     116     120       1         0.1049          280.0          10.49
     117     118       1         0.0018         9900.0           0.18
     118     119       1         0.0271         1083.0           2.71
     118    1201       1         0.6163           48.0          61.63
    1201     120       1        -0.3697           80.0         -36.97
     118     121       1         0.2915          101.0          29.15
     119     120       1         0.0339          866.0           3.39
     119     121       1         0.0582          504.0           5.82
     122     123       1         0.2344          119.0          23.44
     122     125       1         0.3669           78.0          36.69
     123     124       1         0.1076          259.0          10.76
     123     125       1         0.1414          197.0          14.14
     125     126       1         0.0197         1489.0           1.97
     126     127       1         0.0405          717.0           4.05
     126     129       1         0.1106          264.0          11.06
     126     132       1         0.1688          173.0          16.88
     126     157       1           0.05          584.0            5.0
     126     158       1         0.0538          540.0           5.38
     126     169       1         0.1157          251.0          11.57
     127     128       1         0.0577          506.0           5.77
     127     134       1         0.0336          864.0           3.36
     127     168       1         0.0577          506.0           5.77
     128     130       1         0.0773          378.0           7.73
     128     133       1         0.0193         1507.0           1.93
     129     130       1         0.0752          389.0           7.52
     129     133       1         0.0186         1568.0           1.86
     130     132       1         0.0164         1781.0           1.64
     130     151       1         0.0165         1769.0           1.65
     130     167       1         0.0793          369.0           7.93
     130     168       1         0.0784          373.0           7.84
     133     137       1         0.0117         2481.0           1.17
     133     168       1         0.0193         1507.0           1.93
     133     169       1         0.0186         1568.0           1.86
     133     171       1         0.0101         2904.0           1.01
     134     135       1         0.0293          991.0           2.93
     134     184       1         0.0381          766.0           3.81
     135     136       1         0.0623          466.0           6.23
     136     137       1          0.089          327.0            8.9
     136     152       1          0.039          745.0            3.9
     137     140       1         0.0114         2551.0           1.14
     137     181       1         0.0034         8536.0           0.34
     137     186       1         0.0151         1941.0           1.51
     137     188       1         0.0034         8536.0           0.34
     139     172       1         0.2248          127.0          22.48
     140     141       1         0.0836          348.0           8.36
     140     142       1         0.1132          257.0          11.32
     140     145       1         0.3369           87.0          33.69
     140     146       1         0.3031           96.0          30.31
     140     147       1         0.3492           84.0          34.92
     140     182       1         0.0089         3262.0           0.89
     141     146       1         0.2267          129.0          22.67
     142     143       1          0.057          512.0            5.7
     143     145       1         0.0773          378.0           7.73
     143     149       1         0.0909          320.0           9.09
     145     146       1         0.0588          494.0           5.88
     145     149       1         0.1511          193.0          15.11
     146     147       1         0.0504          576.0           5.04
     148     178       1         0.1526          182.0          15.26
     148     179       1         0.3919           71.0          39.19
     152     153       1         0.0957          304.0           9.57
     153     161       1         0.0288         1001.0           2.88
     154     156       1         0.3161           82.0          31.61
     154     183       1         0.3054           93.0          30.54
     155     161       1         0.0568          507.0           5.68
     157     159       1         0.0098         2984.0           0.98
     158     159       1         0.0285         1024.0           2.85
     158     160       1         0.0448          648.0           4.48
     162     164       1         0.0326          898.0           3.26
     162     165       1         0.0245         1195.0           2.45
     163     164       1         0.0514          569.0           5.14
     165     166       1         0.0123         2385.0           1.23
     167     169       1         0.0178         1640.0           1.78
     172     173       1         0.4843           60.0          48.43
     172     174       1          0.221          129.0           22.1
     173     174       1         0.3331           86.0          33.31
     173     175       1         0.3071           93.0          30.71
     173     176       1         0.5017           56.0          50.17
     175     176       1         0.3626           79.0          36.26
     175     179       1         0.3092           93.0          30.92
     176     177       1         0.0829          339.0           8.29
     177     178       1         0.0847          335.0           8.47
     178     179       1         0.1855          153.0          18.55
     178     180       1          0.029          990.0            2.9
     181     138       1         0.0202         1452.0           2.02
     181     187       1         0.0083         3530.0           0.83
     184     185       1         0.0245         1192.0           2.45
     186     188       1         0.0086         3400.0           0.86
     187     188       1         0.0086         3400.0           0.86
     188     138       1         0.0202         1452.0           2.02
     189     208       1          0.095          292.0            9.5
     189     209       1          0.069          354.0            6.9
     190     231       1         0.0022         9900.0           0.22
     190     240       1         0.0275         1067.0           2.75
     191     192       1          0.048          610.0            4.8
     192     225       1          0.009         3182.0            0.9
     193     205       1          0.063          379.0            6.3
     193     208       1          0.127          217.0           12.7
     194     219       1         0.0286         1020.0           2.86
     194     664       1         0.0355          825.0           3.55
     195     219       1         0.0286         1020.0           2.86
     196     197       1           0.04          693.0            4.0
     196     210       1          0.081          340.0            8.1
     197     198       1           0.06          483.0            6.0
     197     211       1           0.04          687.0            4.0
     198     202       1          0.688           39.0           68.8
     198     203       1          0.046          626.0            4.6
     198     210       1          0.073          388.0            7.3
     198     211       1          0.109          257.0           10.9
     199     200       1          0.135          190.0           13.5
     199     210       1          0.102          268.0           10.2
     200     210       1          0.128          194.0           12.8
     201     204       1          0.183          133.0           18.3
     203     211       1          0.059          491.0            5.9
     204     205       1          0.068          358.0            6.8
     205     206       1          0.446           55.0           44.6
     206     207       1          0.093          249.0            9.3
     206     208       1          0.421           61.0           42.1
     212     215       1         0.0778          372.0           7.78
     213     214       1          0.038          771.0            3.8
     214     215       1         0.0185         1579.0           1.85
     214     242       1         0.0108         2691.0           1.08
     215     216       1         0.0249         1160.0           2.49
     216     217       1         0.0497          589.0           4.97
     217     218       1         0.0456          644.0           4.56
     217     219       1         0.0177         1657.0           1.77
     217     220       1         0.0395          741.0           3.95
     219     237       1         0.0018         9900.0           0.18
     220     218       1         0.0484          605.0           4.84
     220     221       1         0.0295          994.0           2.95
     220     238       1         0.0046         6023.0           0.46
     221     223       1         0.0013         9900.0           0.13
     222     237       1         0.0514          571.0           5.14
     224     225       1          0.064          453.0            6.4
     224     226       1         0.0081         3526.0           0.81
     225     191       1          0.061          481.0            6.1
     226     231       1         0.0212         1384.0           2.12
     227     231       1         0.0472          622.0           4.72
     228     229       1         0.0087         3294.0           0.87
     228     231       1         0.0917          320.0           9.17
     228     234       1         0.0288         1018.0           2.88
     229     190       1         0.0626          469.0           6.26
     231     232       1         0.0069         4250.0           0.69
     231     237       1         0.0006         9900.0           0.06
     232     233       1         0.0485          605.0           4.85
     234     235       1         0.0259         1133.0           2.59
     234     237       1         0.0272         1079.0           2.72
     235     238       1         0.0006         9900.0           0.06
     241     237       1         0.0154         1904.0           1.54
     240     281       1         0.0043         6805.0           0.43
     242     245       1         0.0851          344.0           8.51
     242     247       1         0.0723          401.0           7.23
     243     244       1         0.0355          778.0           3.55
     243     245       1         0.1804          161.0          18.04
     244     246       1         0.0551          502.0           5.51
     245     246       1         0.0732          392.0           7.32
     245     247       1         0.2119          137.0          21.19
     246     247       1         0.1285          224.0          12.85
     247     248       1         0.1215          228.0          12.15
     248     249       1         0.1004          276.0          10.04
     249     250       1         0.1857          150.0          18.57
       3       1       1          0.052          565.0            5.2
       3       2       1          0.052          565.0            5.2
       3       4       1          0.005         5867.0            0.5
       7       5       1          0.039          753.0            3.9
       7       6       1          0.039          753.0            3.9
      10      11       1          0.089          330.0            8.9
      12      10       1          0.053          554.0            5.3
      15      17       1         0.0311          801.0           3.11
      16      15       1          0.038          772.0            3.8
      21      20       1          0.014         2096.0            1.4
      24      23       1          0.064          459.0            6.4
      36      35       1          0.047          625.0            4.7
      45      44       1           0.02         1467.0            2.0
      45      46       1          0.021         1397.0            2.1
      62      61       1          0.059          498.0            5.9
      63      64       1          0.038          772.0            3.8
      73      74       1         0.0244         1203.0           2.44
      81      88       1           0.02         1467.0            2.0
      85      99       1          0.048          612.0            4.8
      86     102       1          0.048          612.0            4.8
      87      94       1          0.046          638.0            4.6
     114     207       1          0.149          197.0           14.9
     116     124       1         0.0174         1616.0           1.74
     121     115       1          0.028         1048.0            2.8
     122     157       1         0.0195         1504.0           1.95
     130     131       1          0.018         1630.0            1.8
     130     150       1          0.014         2096.0            1.4
     132     170       1         0.0402          730.0           4.02
     141     174       1         0.0603          487.0           6.03
     142     175       1         0.0498          589.0           4.98
     143     144       1         0.0833          353.0           8.33
     143     148       1         0.0371          791.0           3.71
     145     180       1         0.0182         1612.0           1.82
     151     170       1         0.0392          749.0           3.92
     153     183       1         0.0639          459.0           6.39
     155     156       1         0.0256         1146.0           2.56
     159     117       1          0.016         1834.0            1.6
     160     124       1         0.0396          741.0           3.96
     163     137       1         0.0384          764.0           3.84
     164     155       1         0.0231         1269.0           2.31
     182     139       1         0.0131         2239.0           1.31
     189     210       1          0.252          117.0           25.2
     193     196       1          0.237          124.0           23.7
     195     212       1         0.0366          802.0           3.66
     200     248       1           0.22          134.0           22.0
     201      69       1          0.098          300.0            9.8
     202     211       1          0.128          230.0           12.8
     204    2040       1          0.204          144.0           20.4
     209     198       1          0.211          138.0           21.1
     211     212       1         0.0122         2335.0           1.22
     218     219       1         0.0354          829.0           3.54
     223     224       1         0.0195         1502.0           1.95
     229     230       1         0.0332          884.0           3.32
     234     236       1          0.016         1833.0            1.6
     238     239       1          0.016         1833.0            1.6
     196    2040       1           0.02         1467.0            2.0
     119    1190       1          0.023         1275.0            2.3
     120    1200       1          0.023         1276.0            2.3
    7002       2       1         0.0146         2005.0           1.46
    7003       3       1        0.01054         2783.0          1.054
    7061      61       1         0.0238         1233.0           2.38
    7062      62       1        0.03214          913.0          3.214
    7166     166       1         0.0154         1905.0           1.54
    7024      24       1         0.0289         1015.0           2.89
    7001       1       1        0.01953         1502.0          1.953
    7130     130       1         0.0193         1520.0           1.93
    7011      11       1        0.01923         1526.0          1.923
    7023      23       1          0.023         1276.0            2.3
    7049      49       1         0.0124         2366.0           1.24
    7139     139       1         0.0167         1757.0           1.67
    7012      12       1         0.0312          941.0           3.12
    7017      17       1        0.01654         1774.0          1.654
    7039      39       1        0.03159          929.0          3.159
    7057      57       1        0.05347          549.0          5.347
    7044      44       1        0.18181          162.0         18.181
    7055      55       1        0.19607          150.0         19.607
    7071      71       1        0.06896          426.0          6.896

Demand and Generation by bus: 300
Bus G1 D1
       1            0.0           90.0
       2            0.0           56.0
       3            0.0           20.0
       4            0.0            0.0
       5            0.0          353.0
       6            0.0          120.0
       7            0.0            0.0
       8            0.0           63.0
       9            0.0           96.0
      10            0.0          153.0
      11            0.0           83.0
      12            0.0            0.0
      13            0.0           58.0
      14            0.0          160.0
      15            0.0          126.7
      16            0.0            0.0
      17            0.0          561.0
     526            0.0          145.3
      19            0.0            0.0
      20            0.0          605.0
      21            0.0           77.0
      22            0.0           81.0
      23            0.0           21.0
      24            0.0            0.0
      25            0.0           45.0
      26            0.0           28.0
      27            0.0           69.0
     531            0.0           14.0
      33            0.0           55.0
      34            0.0            0.0
      35            0.0            0.0
      36            0.0            0.0
      37            0.0           85.0
      38            0.0          155.0
      39            0.0            0.0
      40            0.0           46.0
      41            0.0           86.0
      42            0.0            0.0
      43            0.0           39.0
      44            0.0          195.0
      45            0.0            0.0
      46            0.0            0.0
      47            0.0           58.0
      48            0.0           41.0
      49            0.0           92.0
     562            0.0           50.5
      51            0.0           -5.0
      52            0.0           61.0
      53            0.0           69.0
      54            0.0           10.0
      55            0.0           22.0
      57            0.0           98.0
      58            0.0           14.0
      59            0.0          218.0
      60            0.0            0.0
      61            0.0          227.0
      62            0.0            0.0
      63            0.0           70.0
      64            0.0            0.0
     552            0.0          -11.1
      69            0.0            0.0
      70            0.0           56.0
      71            0.0          116.0
      72            0.0           57.0
      73            0.0          224.0
      74            0.0            0.0
      76            0.0          208.0
      77            0.0           74.0
      78            0.0            0.0
      79            0.0           48.0
      80            0.0           28.0
      81            0.0            0.0
      84          724.0           37.0
      85            0.0            0.0
      86            0.0            0.0
      87            0.0            0.0
      88            0.0            0.0
      89            0.0           44.2
      90            0.0           66.0
      91           92.5           17.4
      92          180.0           15.8
      94            0.0           60.3
      97            0.0           39.9
      98           46.5           66.7
      99            0.0           83.5
     100            0.0            0.0
     528            0.0           28.1
     102            0.0           77.8
     103            0.0           32.0
     104            0.0            8.6
     105            0.0           49.6
     609            0.0           29.6
     107            0.0            4.6
     108           98.5          112.1
     109            0.0           30.7
     110            0.0           63.0
     112            0.0           19.6
     113            0.0           26.2
     114            0.0           18.2
     115            0.0            0.0
     116            0.0            0.0
     117            0.0            0.0
     118            0.0           14.1
     119         1020.5            0.0
     120            0.0          777.0
     121            0.0          535.0
     122            0.0          229.1
     123            0.0           78.0
     124          160.5          276.4
     125            0.0          514.8
     126            0.0           57.9
     127            0.0          380.8
     128            0.0            0.0
     129            0.0            0.0
     130            0.0            0.0
     131            0.0            0.0
     132            0.0            0.0
     133            0.0            0.0
     134            0.0            0.0
     135            0.0          169.2
     136            0.0           55.2
     137            0.0          273.6
     138            0.0         1019.2
     139            0.0          595.0
     140            0.0          387.7
     141          148.5          145.0
     142            0.0           56.5
     143          400.0           89.5
     144            0.0            0.0
     145            0.0           24.0
     146           45.5            0.0
     147          160.0            0.0
     148            0.0           63.0
     149          138.5            0.0
     150            0.0            0.0
     151            0.0            0.0
     152          303.0           17.0
     153          121.0            0.0
     154            0.0           70.0
     155            0.0          200.0
     156            0.0           75.0
     157            0.0          123.5
     158            0.0            0.0
     159            0.0           33.0
     160            0.0            0.0
     161            0.0           35.0
     162            0.0           85.0
     163            0.0            0.0
     164            0.0            0.0
     165            0.0            0.0
     166            0.0            0.0
     167            0.0          299.9
     168            0.0            0.0
     169            0.0            0.0
     170          165.0          481.8
     171            0.0          763.6
     172            0.0           26.5
     173            0.0          163.5
     174            0.0            0.0
     175            0.0          176.0
     176          139.0            5.0
     177           62.5           28.0
     178            0.0          427.4
     179            0.0           74.0
     180            0.0           69.5
     181            0.0           73.4
     182            0.0          240.7
     183            0.0           40.0
     184            0.0          136.8
     185          125.0            0.0
     186         1232.5           59.8
     187          812.0           59.8
     188            0.0          182.6
     189            0.0            7.0
     190          257.5            0.0
     191         1070.0          489.0
     192            0.0          800.0
     193            0.0            0.0
     194            0.0            0.0
     195            0.0            0.0
     196            0.0           10.0
     197            0.0           43.0
     198          215.0           64.0
     199            0.0           35.0
     200            0.0           27.0
     201            0.0           41.0
     202            0.0           38.0
     203            0.0           42.0
     204            0.0           72.0
     205            0.0            0.0
     206            0.0           12.0
     207            0.0          -21.0
     208            0.0            7.0
     209            0.0           38.0
     210            0.0            0.0
     211            0.0           96.0
     212            0.0            0.0
     213          144.0            0.0
     214            0.0           22.0
     215            0.0           47.0
     216            0.0          176.0
     217            0.0          100.0
     218            0.0          131.0
     219            0.0            0.0
     220          230.0          285.0
     221          277.0          171.0
     222          261.5          328.0
     223            0.0          428.0
     224            0.0          173.0
     225            0.0          410.0
     226            0.0            0.0
     227          218.0          538.0
     228            0.0          223.0
     229            0.0           96.0
     230          229.0            0.0
     231            0.0          159.0
     232            0.0          448.0
     233          170.5          404.0
     234            0.0          572.0
     235            0.0          269.0
     236          440.5            0.0
     237            0.0            0.0
     238          133.5          255.0
     239          310.5            0.0
     240            0.0            0.0
     241          563.5            0.0
     242          106.0            0.0
     243          171.0            8.0
     244            0.0            0.0
     245            0.0           61.0
     246            0.0           77.0
     247            0.0           61.0
     248            0.0           29.0
     249            0.0           29.0
     250            0.0          -23.0
     664            0.0         -113.7
     281            0.0          -33.1
    9001            0.0            0.0
    9002            0.0            4.2
    9003            0.0           2.71
    9004            0.0           0.86
    9005            0.0            0.0
    9006            0.0            0.0
    9007            0.0            0.0
    9012            0.0            0.0
    9021            0.0           4.75
    9022            0.0           1.53
     319            0.0          115.8
     320            0.0            2.4
    9023            0.0            0.0
     322            0.0            2.4
     323            0.0          -14.9
     324            0.0           24.7
    9024            0.0           1.35
    9025            0.0           0.45
    9026            0.0           0.45
    9031            0.0           1.84
    9032            0.0           1.39
    9033            0.0           1.89
    9034            0.0           1.55
    9035            0.0           1.66
    9036            0.0           3.03
    9037            0.0           1.86
    9038            0.0           2.58
    9041            0.0           1.01
    9042            0.0           0.81
    9043            0.0            1.6
    9044            0.0            0.0
    7001          284.0            0.0
    7002          335.0            0.0
    7003          700.5            0.0
    9051            0.0          35.81
    9052            0.0           30.0
    9053            0.0          26.48
    9054           42.0            0.0
    9055           18.5            0.0
    9533            0.0           1.19
    7011          334.0            0.0
    1190            0.0         100.31
    7012          313.0            0.0
    7017          245.0            0.0
    7023          110.0            0.0
    7024          271.5            0.0
    9071            0.0           1.02
    9072            0.0           1.02
    7039          290.0            0.0
    7044           66.0            0.0
    7049          359.0            0.0
    7055           79.0            0.0
    7057          167.0            0.0
    7061          878.5            0.0
    1200            0.0         -100.0
    7062          284.0            0.0
    1201            0.0            0.0
    7071          101.5            0.0
    9121            0.0            3.8
    7130          863.0            0.0
    7139         1012.5            0.0
    2040            0.0            0.0
    7166          312.0            0.0
