Bus data: 197

Existing lines: 286
Bfr Bto Nc X Cap. Cost
    2152    2156       1        0.03711          160.0     0.0
    2153    2156       1        0.01711          115.0     0.0
    2153    2156       1        0.01497          119.0     0.0
    2155    2153       1        0.10293          218.0     0.0
    2156    2157       1        0.07216          122.0     0.0
    2157    2172       1        0.08545          122.0     0.0
    2158    2153       1        0.07024           85.0     0.0
    2160    2166       1        0.01505          207.0     0.0
    2161    2166       1        0.02495          114.0     0.0
    2161    2167       1        0.05988          117.0     0.0
    2162    2163       1        0.07127           97.0     0.0
    2162    2164       1        0.24271           93.0     0.0
    2162    2229       1        0.09062          215.0     0.0
    2163    2164       1        0.17625           91.0     0.0
    2164    2165       1        0.01038          118.0     0.0
    2164    2166       1        0.14605          117.0     0.0
    2164    2226       1        0.08498          117.0     0.0
    2165    2167       1        0.08411          115.0     0.0
    2166    2168       1        0.05041          178.0     0.0
    2166    2169       1        0.08317          148.0     0.0
    2166    2170       1        0.03444          178.0     0.0
    2166    2170       1        0.03264          166.0     0.0
    2168    2169       1        0.03281          117.0     0.0
    2171    2172       1         0.0796          117.0     0.0
    2172    2227       1        0.11777          118.0     0.0
    2173    2175       1         0.0098          118.0     0.0
    2173    2228       1         0.0167          100.0     0.0
    2174    2175       1        0.00942          119.0     0.0
    2176    2177       1        0.01895          138.0     0.0
    2176    2178       1        0.07281          161.0     0.0
    2176    2224       1        0.13795          138.0     0.0
    2177    2224       1        0.15997          135.0     0.0
    2178    2238       1         0.1343          148.0     0.0
    2180    2126       1        0.68675           46.0     0.0
    2180    2189       1          0.058           82.0     0.0
    2180    2323       1        0.05186           90.0     0.0
    2183    2217       1        0.06483          124.0     0.0
    2183    2323       1        0.05765          127.0     0.0
    2217    2323       1         0.1163          120.0     0.0
    2186    2190       1        0.07907          141.0     0.0
    2186    2323       1        0.18337           98.0     0.0
    2186    2190       1         0.0857          148.0     0.0
    2186    2323       1        0.17642           94.0     0.0
    2192    2198       1        0.05085          161.0     0.0
    2192    2217       1        0.15978           98.0     0.0
    2193    2194       1        0.01375          157.0     0.0
    2193    2194       1        0.01386          157.0     0.0
    2193    2194       1         0.0114          212.0     0.0
    2193    2195       1        0.02209          166.0     0.0
    2193    2205       1        0.04451          120.0     0.0
    2193    2206       1        0.05136          119.0     0.0
    2193    2190       1        0.05784          121.0     0.0
    2194    2195       1        0.01151          132.0     0.0
    2194   10112       1        0.52656           60.0     0.0
    2194    2190       1        0.06413          124.0     0.0
    2195    2198       1        0.01004          157.0     0.0
    2198    2203       1        0.04376          119.0     0.0
    2198    2212       1        0.07322          115.0     0.0
    2198    2232       1        0.01997          169.0     0.0
    2198    2233       1        0.01879          168.0     0.0
    2200    2232       1        0.01509          162.0     0.0
    2201    2233       1        0.01627          177.0     0.0
    2202    2203       1        0.18421           60.0     0.0
    2203    2313       1        0.66238           48.0     0.0
    2204    2205       1        0.01568          121.0     0.0
    2204    2206       1         0.0149          112.0     0.0
    2205    2209       1        0.06377          121.0     0.0
    2206    2207       1        0.04465           63.0     0.0
    2207    2209       1        0.06116           59.0     0.0
    2209    2237       1        0.05086           82.0     0.0
    2210    2237       1        0.01453          160.0     0.0
    2190    2323       1        0.27944           99.0     0.0
    2214    2220       1        0.01716          130.0     0.0
    2214    2220       1        0.02861          226.0     0.0
    2215    2219       1        0.01843          149.0     0.0
    2219    2141       1         0.1952          162.0     0.0
    2217    2219       1        0.15648          152.0     0.0
    2219    2137       1        4.03611            8.0     0.0
    2219    2220       1         0.1289          123.0     0.0
    2219    2220       1        0.11866          121.0     0.0
    2219    2222       1        0.24284           87.0     0.0
    2220    2224       1        0.02575          171.0     0.0
    2220    2224       1        0.02615          174.0     0.0
    2222    2231       1        0.16346           84.0     0.0
    2223    2225       1         0.0088          244.0     0.0
    2223    2214       1        0.01471          249.0     0.0
    2239    2243       1         0.0272          440.0     0.0
    2240    2243       1        0.02729          435.0     0.0
    2241    2243       1        0.01358          453.0     0.0
    2242    2243       1        0.04013          448.0     0.0
    2243    2249       1        0.06757          448.0     0.0
    2243    2249       1        0.06747          470.0     0.0
    2244    2249       1        0.03877          370.0     0.0
    2249    2329       1        0.20068          158.0     0.0
    2247    2249       1        0.01926          344.0     0.0
    2249    2164       1        0.14078          224.0     0.0
    2249    2250       1        0.05728          429.0     0.0
    2249    2250       1        0.05668          416.0     0.0
    2249    2269       1        0.07041          331.0     0.0
    2250    2270       1        0.04064          315.0     0.0
    2250    2270       1        0.04372          326.0     0.0
    2255    2259       1        0.02057          337.0     0.0
    2255    2262       1        0.06824          306.0     0.0
    2255    2268       1        0.03044          328.0     0.0
    2255    2268       1        0.02599          441.0     0.0
    2259    2262       1          0.052          330.0     0.0
    2261    2262       1        0.08934          412.0     0.0
    2261    2262       1        0.09384          401.0     0.0
    2263    2268       1        0.08246          393.0     0.0
    2263    2268       1         0.0796          389.0     0.0
    2269    2142       1        0.18298          173.0     0.0
    2269    2144       1        0.18472          171.0     0.0
    2269    2145       1        0.17545          180.0     0.0
    2268    2269       1        0.03767          456.0     0.0
    2268    2269       1        0.03777          461.0     0.0
    2269    2270       1        0.02707          323.0     0.0
    2269    2270       1         0.0279          322.0     0.0
    2315    2320       1        0.05655           17.0     0.0
    2315    2320       1        0.05709           17.0     0.0
    2140    2215       1        0.17761          178.0     0.0
    2146    2319       1        0.09768          322.0     0.0
    2147    2148       1        0.11768          268.0     0.0
    2112    2149       1        0.38636           82.0     0.0
    2112    2150       1        0.36919           86.0     0.0
    2153    2279       1        0.55219           58.0     0.0
    2153    2279       1        0.53539           59.0     0.0
    2155    2280       1        0.50262           63.0     0.0
    2155    2280       1        0.49532           64.0     0.0
    2155    2281       1        0.95087           34.0     0.0
    2155    2281       1        0.93393           34.0     0.0
    2157    2282       1        0.57554           55.0     0.0
    2158    2283       1        1.33068           24.0     0.0
    2158    2284       1        1.14805           28.0     0.0
    2161    2119       1        0.22645          140.0     0.0
    2162    2285       1        0.48698           65.0     0.0
    2162    2285       1        0.47401           67.0     0.0
    2163    2286       1        0.38446           82.0     0.0
    2163    2286       1        0.40539           78.0     0.0
    2164    2287       1        0.32397           98.0     0.0
    2164    2287       1        0.31119          102.0     0.0
    2165    2288       1        0.57136           56.0     0.0
    2165    2288       1        0.61349           52.0     0.0
    2167    2289       1        0.44526           71.0     0.0
    2167    2289       1         0.5451           58.0     0.0
    2168    2290       1        0.50029           64.0     0.0
    2168    2290       1        0.48753           65.0     0.0
    2168    2290       1         0.5336           60.0     0.0
    2169    2272       1        0.62532           51.0     0.0
    2169    2272       1        0.59272           54.0     0.0
    2170    2291       1        0.50869           63.0     0.0
    2170    2291       1        0.51558           62.0     0.0
    2171    2273       1        0.38609           82.0     0.0
    2171    2273       1        0.41631           76.0     0.0
    2173    2292       1        0.60758           52.0     0.0
    2173    2292       1        0.51212           62.0     0.0
    2177    2293       1        0.26813          118.0     0.0
    2177    2293       1        0.24846          127.0     0.0
    2178    2294       1        0.90981           35.0     0.0
    2127    2323       1        0.20424          155.0     0.0
    2128    2323       1        0.21291          149.0     0.0
    2186    2133       1        0.20066          158.0     0.0
    2186    2296       1        0.51458           62.0     0.0
    2189    2297       1        1.52533           21.0     0.0
    2190    2274       1        0.63613           50.0     0.0
    2190    2274       1        0.64502           49.0     0.0
    2192    2298       1        0.62546           51.0     0.0
    2192    2299       1        0.66241           48.0     0.0
    2194    2336       1        0.30512          104.0     0.0
    2194    2336       1        0.29834          106.0     0.0
    2194    2336       1        0.29785          107.0     0.0
    2195    2277       1        0.42256           75.0     0.0
    2195    2277       1        0.39263           81.0     0.0
    2195    2277       1        0.38676           82.0     0.0
    2195    2324       1        0.10122          313.0     0.0
    2195    2325       1        0.09664          327.0     0.0
    2195    2326       1        0.10144          312.0     0.0
    2198    2278       1        0.40071           79.0     0.0
    2198    2278       1        0.38807           82.0     0.0
    2200    2304       1        0.69179           46.0     0.0
    2201    2305       1        0.66543           48.0     0.0
    2202    2306       1        0.54585           58.0     0.0
    2202    2307       1        0.51142           62.0     0.0
    2204    2199       1        0.38243           83.0     0.0
    2204    2199       1        0.38169           83.0     0.0
    2204    2308       1        0.68919           46.0     0.0
    2204    2309       1        0.64307           50.0     0.0
    2207    2310       1        0.48548           66.0     0.0
    2207    2310       1        0.47465           67.0     0.0
    2208    2311       1        0.79659           40.0     0.0
    2209    2311       1           0.87           37.0     0.0
    2210    2312       1        0.99611           32.0     0.0
    2210    2312       1        1.00149           32.0     0.0
    2212    2313       1        0.64619           49.0     0.0
    2190    2314       1        0.62469           51.0     0.0
    2190    2314       1        0.62753           51.0     0.0
    2214    2138       1        0.18985          167.0     0.0
    2214    2139       1        0.17519          181.0     0.0
    2214    2315       1         0.5048           63.0     0.0
    2214    2315       1        0.49638           64.0     0.0
    2214    2315       1        0.50441           63.0     0.0
    2219    2316       1        0.52693           60.0     0.0
    2219    2316       1        0.53153           60.0     0.0
    2220    2221       1        0.49914           64.0     0.0
    2220    2221       1         0.5054           63.0     0.0
    2222    2338       1        0.46603           68.0     0.0
    2223    2317       1        0.49983           64.0     0.0
    2223    2317       1        0.52878           60.0     0.0
    2224    2318       1        0.45649           70.0     0.0
    2224    2318       1        0.56815           56.0     0.0
    2229    2147       1        0.16991          186.0     0.0
    2229    2319       1        0.23167          137.0     0.0
    2214    2320       1        0.50122           64.0     0.0
    2214    2320       1        0.49443           64.0     0.0
    2231    2321       1        0.91642           35.0     0.0
    2231    2321       1        0.90017           36.0     0.0
    2232    2235       1        0.38097           83.0     0.0
    2233    2234       1        0.38856           82.0     0.0
    2322    2237       1        0.56764           56.0     0.0
    2238    2112       1        0.15653          202.0     0.0
    2238    2112       1        0.16254          195.0     0.0
    2239    2114       1        0.10643          297.0     0.0
    2240    2115       1        0.10445          303.0     0.0
    2241    2116       1        0.19041          166.0     0.0
    2243    2156       1        0.10571          299.0     0.0
    2243    2156       1        0.10448          303.0     0.0
    2244    2117       1         0.2056          154.0     0.0
    2118    2249       1        0.10378          304.0     0.0
    2247    2330       1        0.33303           95.0     0.0
    2249    2166       1        0.08213          385.0     0.0
    2249    2166       1        0.08129          389.0     0.0
    2250    2124       1         0.0793          399.0     0.0
    2250    2125       1         0.1468          216.0     0.0
    2173    2120       1        0.36064           88.0     0.0
    2173    2123       1        0.22006          144.0     0.0
    2173    2121       1        0.39372           81.0     0.0
    2173    2122       1         0.3944           81.0     0.0
    2250    2173       1        0.08687          364.0     0.0
    2250    2173       1        0.08226          384.0     0.0
    2250    2174       1        0.07891          401.0     0.0
    2255    2331       1        0.39008           81.0     0.0
    2255    2332       1        0.40362           79.0     0.0
    2255    2333       1        0.20773          152.0     0.0
    2255    2334       1        0.36513           87.0     0.0
    2255    2335       1        0.37979           84.0     0.0
    2132    2259       1        0.29081          109.0     0.0
    2261    2134       1        0.09066          349.0     0.0
    2261    2135       1        0.09245          342.0     0.0
    2261    2136       1        0.08488          373.0     0.0
    2262    2193       1        0.08208          385.0     0.0
    2262    2193       1        0.08801          359.0     0.0
    2262    2193       1        0.08484          373.0     0.0
    2262    2193       1        0.08718          363.0     0.0
    2263    2198       1        0.08132          389.0     0.0
    2263    2198       1        0.07903          400.0     0.0
    2143    2269       1        0.17472          181.0     0.0
    2269    2219       1        0.08456          374.0     0.0
    2270    2220       1        0.08809          359.0     0.0
    2270    2220       1        0.08391          377.0     0.0
    2323    2129       1          0.334           95.0     0.0
    2323    2130       1        0.33165           96.0     0.0
    2323    2131       1        0.33059           96.0     0.0
    2323    2295       1        1.09808           29.0     0.0
    2117    2328       1        1.11623           28.0     0.0
    2337    2324       1        0.57555           55.0     0.0
    2337    2324       1        0.61286           52.0     0.0
    2337    2325       1        0.54729           58.0     0.0
    2337    2325       1        0.63202           50.0     0.0
    2337    2326       1        0.60096           53.0     0.0
    2337    2326       1        0.57316           56.0     0.0
    2190   10108       1        0.06525          484.0     0.0
    2275   10108       1        0.29921          106.0     0.0
    2276   10108       1        0.28911          110.0     0.0
    2190   10109       1        0.05478          576.0     0.0
    2275   10109       1        0.30731          103.0     0.0
    2339   10109       1        0.31044          102.0     0.0
    2193   10110       1        0.08036          394.0     0.0
    2300   10110       1        0.58896           54.0     0.0
    2301   10110       1         0.5737           56.0     0.0
    2193   10111       1        0.09668          327.0     0.0
    2300   10111       1        0.55122           58.0     0.0
    2301   10111       1        0.55257           58.0     0.0
    2302   10112       1        0.40007           79.0     0.0
    2303   10112       1        0.44509           71.0     0.0
   10113    2194       1        0.51987           61.0     0.0
    2302   10113       1        0.40214           79.0     0.0
    2303   10113       1        0.41984           76.0     0.0

Candidate lines: 286
Bfr Bto Nc X Cap. Cost
    2152    2156       1        0.03711          160.0        3.71058
    2153    2156       1        0.01711          115.0        1.71091
    2153    2156       1        0.01497          119.0        1.49698
    2155    2153       1        0.10293          218.0       10.29267
    2156    2157       1        0.07216          122.0        7.21554
    2157    2172       1        0.08545          122.0        8.54487
    2158    2153       1        0.07024           85.0        7.02444
    2160    2166       1        0.01505          207.0        1.50542
    2161    2166       1        0.02495          114.0        2.49472
    2161    2167       1        0.05988          117.0        5.98842
    2162    2163       1        0.07127           97.0        7.12716
    2162    2164       1        0.24271           93.0       24.27149
    2162    2229       1        0.09062          215.0        9.06217
    2163    2164       1        0.17625           91.0       17.62482
    2164    2165       1        0.01038          118.0        1.03769
    2164    2166       1        0.14605          117.0        14.6051
    2164    2226       1        0.08498          117.0        8.49837
    2165    2167       1        0.08411          115.0        8.41055
    2166    2168       1        0.05041          178.0        5.04077
    2166    2169       1        0.08317          148.0        8.31676
    2166    2170       1        0.03444          178.0        3.44386
    2166    2170       1        0.03264          166.0        3.26422
    2168    2169       1        0.03281          117.0        3.28106
    2171    2172       1         0.0796          117.0        7.96047
    2172    2227       1        0.11777          118.0       11.77738
    2173    2175       1         0.0098          118.0        0.97992
    2173    2228       1         0.0167          100.0        1.66973
    2174    2175       1        0.00942          119.0        0.94178
    2176    2177       1        0.01895          138.0        1.89508
    2176    2178       1        0.07281          161.0        7.28055
    2176    2224       1        0.13795          138.0       13.79526
    2177    2224       1        0.15997          135.0       15.99664
    2178    2238       1         0.1343          148.0       13.43016
    2180    2126       1        0.68675           46.0       68.67453
    2180    2189       1          0.058           82.0         5.8003
    2180    2323       1        0.05186           90.0        5.18558
    2183    2217       1        0.06483          124.0        6.48337
    2183    2323       1        0.05765          127.0        5.76456
    2217    2323       1         0.1163          120.0       11.62979
    2186    2190       1        0.07907          141.0          7.907
    2186    2323       1        0.18337           98.0       18.33683
    2186    2190       1         0.0857          148.0        8.56977
    2186    2323       1        0.17642           94.0       17.64183
    2192    2198       1        0.05085          161.0        5.08534
    2192    2217       1        0.15978           98.0       15.97803
    2193    2194       1        0.01375          157.0        1.37513
    2193    2194       1        0.01386          157.0        1.38602
    2193    2194       1         0.0114          212.0         1.1404
    2193    2195       1        0.02209          166.0        2.20931
    2193    2205       1        0.04451          120.0        4.45073
    2193    2206       1        0.05136          119.0        5.13598
    2193    2190       1        0.05784          121.0        5.78426
    2194    2195       1        0.01151          132.0        1.15138
    2194   10112       1        0.52656           60.0       52.65638
    2194    2190       1        0.06413          124.0        6.41314
    2195    2198       1        0.01004          157.0        1.00413
    2198    2203       1        0.04376          119.0        4.37558
    2198    2212       1        0.07322          115.0        7.32199
    2198    2232       1        0.01997          169.0        1.99697
    2198    2233       1        0.01879          168.0         1.8791
    2200    2232       1        0.01509          162.0        1.50897
    2201    2233       1        0.01627          177.0        1.62673
    2202    2203       1        0.18421           60.0        18.4205
    2203    2313       1        0.66238           48.0       66.23831
    2204    2205       1        0.01568          121.0        1.56785
    2204    2206       1         0.0149          112.0        1.49022
    2205    2209       1        0.06377          121.0        6.37682
    2206    2207       1        0.04465           63.0        4.46518
    2207    2209       1        0.06116           59.0        6.11633
    2209    2237       1        0.05086           82.0        5.08605
    2210    2237       1        0.01453          160.0        1.45342
    2190    2323       1        0.27944           99.0       27.94417
    2214    2220       1        0.01716          130.0        1.71649
    2214    2220       1        0.02861          226.0        2.86067
    2215    2219       1        0.01843          149.0         1.8429
    2219    2141       1         0.1952          162.0       19.51966
    2217    2219       1        0.15648          152.0       15.64771
    2219    2137       1        4.03611            8.0      403.61064
    2219    2220       1         0.1289          123.0       12.89004
    2219    2220       1        0.11866          121.0       11.86624
    2219    2222       1        0.24284           87.0       24.28381
    2220    2224       1        0.02575          171.0         2.5747
    2220    2224       1        0.02615          174.0        2.61527
    2222    2231       1        0.16346           84.0       16.34551
    2223    2225       1         0.0088          244.0        0.88016
    2223    2214       1        0.01471          249.0        1.47081
    2239    2243       1         0.0272          440.0        2.72014
    2240    2243       1        0.02729          435.0        2.72918
    2241    2243       1        0.01358          453.0        1.35834
    2242    2243       1        0.04013          448.0        4.01279
    2243    2249       1        0.06757          448.0        6.75741
    2243    2249       1        0.06747          470.0        6.74731
    2244    2249       1        0.03877          370.0        3.87733
    2249    2329       1        0.20068          158.0       20.06805
    2247    2249       1        0.01926          344.0        1.92589
    2249    2164       1        0.14078          224.0       14.07796
    2249    2250       1        0.05728          429.0        5.72761
    2249    2250       1        0.05668          416.0        5.66848
    2249    2269       1        0.07041          331.0        7.04095
    2250    2270       1        0.04064          315.0        4.06372
    2250    2270       1        0.04372          326.0        4.37176
    2255    2259       1        0.02057          337.0        2.05666
    2255    2262       1        0.06824          306.0        6.82359
    2255    2268       1        0.03044          328.0        3.04433
    2255    2268       1        0.02599          441.0        2.59923
    2259    2262       1          0.052          330.0        5.20012
    2261    2262       1        0.08934          412.0          8.934
    2261    2262       1        0.09384          401.0        9.38426
    2263    2268       1        0.08246          393.0        8.24582
    2263    2268       1         0.0796          389.0        7.96015
    2269    2142       1        0.18298          173.0       18.29776
    2269    2144       1        0.18472          171.0       18.47152
    2269    2145       1        0.17545          180.0       17.54504
    2268    2269       1        0.03767          456.0        3.76735
    2268    2269       1        0.03777          461.0        3.77673
    2269    2270       1        0.02707          323.0        2.70742
    2269    2270       1         0.0279          322.0        2.79027
    2315    2320       1        0.05655           17.0        5.65518
    2315    2320       1        0.05709           17.0        5.70861
    2140    2215       1        0.17761          178.0       17.76055
    2146    2319       1        0.09768          322.0        9.76792
    2147    2148       1        0.11768          268.0       11.76807
    2112    2149       1        0.38636           82.0       38.63586
    2112    2150       1        0.36919           86.0       36.91937
    2153    2279       1        0.55219           58.0       55.21898
    2153    2279       1        0.53539           59.0       53.53902
    2155    2280       1        0.50262           63.0       50.26231
    2155    2280       1        0.49532           64.0       49.53167
    2155    2281       1        0.95087           34.0       95.08692
    2155    2281       1        0.93393           34.0       93.39292
    2157    2282       1        0.57554           55.0       57.55431
    2158    2283       1        1.33068           24.0      133.06812
    2158    2284       1        1.14805           28.0      114.80548
    2161    2119       1        0.22645          140.0        22.6451
    2162    2285       1        0.48698           65.0       48.69818
    2162    2285       1        0.47401           67.0       47.40069
    2163    2286       1        0.38446           82.0        38.4457
    2163    2286       1        0.40539           78.0       40.53896
    2164    2287       1        0.32397           98.0       32.39652
    2164    2287       1        0.31119          102.0       31.11928
    2165    2288       1        0.57136           56.0       57.13596
    2165    2288       1        0.61349           52.0       61.34921
    2167    2289       1        0.44526           71.0       44.52632
    2167    2289       1         0.5451           58.0       54.50964
    2168    2290       1        0.50029           64.0       50.02904
    2168    2290       1        0.48753           65.0       48.75253
    2168    2290       1         0.5336           60.0       53.36041
    2169    2272       1        0.62532           51.0       62.53187
    2169    2272       1        0.59272           54.0       59.27168
    2170    2291       1        0.50869           63.0       50.86869
    2170    2291       1        0.51558           62.0       51.55811
    2171    2273       1        0.38609           82.0       38.60897
    2171    2273       1        0.41631           76.0       41.63114
    2173    2292       1        0.60758           52.0        60.7579
    2173    2292       1        0.51212           62.0       51.21177
    2177    2293       1        0.26813          118.0       26.81257
    2177    2293       1        0.24846          127.0       24.84627
    2178    2294       1        0.90981           35.0       90.98112
    2127    2323       1        0.20424          155.0       20.42414
    2128    2323       1        0.21291          149.0       21.29077
    2186    2133       1        0.20066          158.0       20.06591
    2186    2296       1        0.51458           62.0        51.4579
    2189    2297       1        1.52533           21.0      152.53341
    2190    2274       1        0.63613           50.0       63.61345
    2190    2274       1        0.64502           49.0       64.50208
    2192    2298       1        0.62546           51.0       62.54615
    2192    2299       1        0.66241           48.0        66.2409
    2194    2336       1        0.30512          104.0        30.5115
    2194    2336       1        0.29834          106.0       29.83368
    2194    2336       1        0.29785          107.0       29.78494
    2195    2277       1        0.42256           75.0       42.25635
    2195    2277       1        0.39263           81.0       39.26294
    2195    2277       1        0.38676           82.0       38.67583
    2195    2324       1        0.10122          313.0       10.12205
    2195    2325       1        0.09664          327.0        9.66365
    2195    2326       1        0.10144          312.0       10.14425
    2198    2278       1        0.40071           79.0       40.07145
    2198    2278       1        0.38807           82.0       38.80702
    2200    2304       1        0.69179           46.0       69.17859
    2201    2305       1        0.66543           48.0       66.54337
    2202    2306       1        0.54585           58.0       54.58475
    2202    2307       1        0.51142           62.0       51.14155
    2204    2199       1        0.38243           83.0       38.24277
    2204    2199       1        0.38169           83.0       38.16909
    2204    2308       1        0.68919           46.0       68.91871
    2204    2309       1        0.64307           50.0       64.30707
    2207    2310       1        0.48548           66.0       48.54769
    2207    2310       1        0.47465           67.0       47.46532
    2208    2311       1        0.79659           40.0       79.65947
    2209    2311       1           0.87           37.0       86.99992
    2210    2312       1        0.99611           32.0       99.61065
    2210    2312       1        1.00149           32.0      100.14867
    2212    2313       1        0.64619           49.0       64.61878
    2190    2314       1        0.62469           51.0        62.4686
    2190    2314       1        0.62753           51.0       62.75297
    2214    2138       1        0.18985          167.0       18.98517
    2214    2139       1        0.17519          181.0       17.51863
    2214    2315       1         0.5048           63.0       50.47998
    2214    2315       1        0.49638           64.0       49.63814
    2214    2315       1        0.50441           63.0       50.44126
    2219    2316       1        0.52693           60.0       52.69262
    2219    2316       1        0.53153           60.0       53.15294
    2220    2221       1        0.49914           64.0       49.91386
    2220    2221       1         0.5054           63.0        50.5398
    2222    2338       1        0.46603           68.0       46.60322
    2223    2317       1        0.49983           64.0       49.98316
    2223    2317       1        0.52878           60.0       52.87786
    2224    2318       1        0.45649           70.0       45.64931
    2224    2318       1        0.56815           56.0       56.81475
    2229    2147       1        0.16991          186.0       16.99131
    2229    2319       1        0.23167          137.0       23.16669
    2214    2320       1        0.50122           64.0       50.12241
    2214    2320       1        0.49443           64.0       49.44329
    2231    2321       1        0.91642           35.0       91.64249
    2231    2321       1        0.90017           36.0       90.01736
    2232    2235       1        0.38097           83.0       38.09658
    2233    2234       1        0.38856           82.0       38.85621
    2322    2237       1        0.56764           56.0       56.76413
    2238    2112       1        0.15653          202.0       15.65347
    2238    2112       1        0.16254          195.0       16.25408
    2239    2114       1        0.10643          297.0       10.64272
    2240    2115       1        0.10445          303.0        10.4454
    2241    2116       1        0.19041          166.0       19.04079
    2243    2156       1        0.10571          299.0       10.57084
    2243    2156       1        0.10448          303.0       10.44821
    2244    2117       1         0.2056          154.0       20.55999
    2118    2249       1        0.10378          304.0       10.37778
    2247    2330       1        0.33303           95.0       33.30255
    2249    2166       1        0.08213          385.0        8.21328
    2249    2166       1        0.08129          389.0        8.12903
    2250    2124       1         0.0793          399.0        7.93026
    2250    2125       1         0.1468          216.0       14.67997
    2173    2120       1        0.36064           88.0       36.06381
    2173    2123       1        0.22006          144.0       22.00639
    2173    2121       1        0.39372           81.0       39.37231
    2173    2122       1         0.3944           81.0       39.44036
    2250    2173       1        0.08687          364.0        8.68733
    2250    2173       1        0.08226          384.0        8.22551
    2250    2174       1        0.07891          401.0          7.891
    2255    2331       1        0.39008           81.0       39.00771
    2255    2332       1        0.40362           79.0       40.36154
    2255    2333       1        0.20773          152.0       20.77301
    2255    2334       1        0.36513           87.0       36.51341
    2255    2335       1        0.37979           84.0         37.979
    2132    2259       1        0.29081          109.0       29.08111
    2261    2134       1        0.09066          349.0        9.06622
    2261    2135       1        0.09245          342.0        9.24485
    2261    2136       1        0.08488          373.0        8.48818
    2262    2193       1        0.08208          385.0        8.20764
    2262    2193       1        0.08801          359.0        8.80053
    2262    2193       1        0.08484          373.0        8.48358
    2262    2193       1        0.08718          363.0        8.71837
    2263    2198       1        0.08132          389.0        8.13156
    2263    2198       1        0.07903          400.0        7.90253
    2143    2269       1        0.17472          181.0        17.4722
    2269    2219       1        0.08456          374.0        8.45585
    2270    2220       1        0.08809          359.0        8.80918
    2270    2220       1        0.08391          377.0        8.39131
    2323    2129       1          0.334           95.0       33.40048
    2323    2130       1        0.33165           96.0       33.16536
    2323    2131       1        0.33059           96.0       33.05862
    2323    2295       1        1.09808           29.0        109.808
    2117    2328       1        1.11623           28.0      111.62303
    2337    2324       1        0.57555           55.0       57.55488
    2337    2324       1        0.61286           52.0       61.28589
    2337    2325       1        0.54729           58.0       54.72942
    2337    2325       1        0.63202           50.0       63.20165
    2337    2326       1        0.60096           53.0       60.09579
    2337    2326       1        0.57316           56.0       57.31603
    2190   10108       1        0.06525          484.0         6.5247
    2275   10108       1        0.29921          106.0       29.92127
    2276   10108       1        0.28911          110.0       28.91103
    2190   10109       1        0.05478          576.0        5.47801
    2275   10109       1        0.30731          103.0       30.73141
    2339   10109       1        0.31044          102.0       31.04408
    2193   10110       1        0.08036          394.0        8.03595
    2300   10110       1        0.58896           54.0        58.8964
    2301   10110       1         0.5737           56.0       57.37023
    2193   10111       1        0.09668          327.0        9.66774
    2300   10111       1        0.55122           58.0       55.12215
    2301   10111       1        0.55257           58.0       55.25681
    2302   10112       1        0.40007           79.0       40.00738
    2303   10112       1        0.44509           71.0       44.50939
   10113    2194       1        0.51987           61.0       51.98674
    2302   10113       1        0.40214           79.0       40.21366
    2303   10113       1        0.41984           76.0        41.9836

Generation and demand by bus: 94
Bus G1 D1
    2114           75.0            0.0
    2115           75.0            0.0
    2116           50.0            0.0
    2117           30.0            0.0
    2118           65.0        1.43784
    2119           20.0            0.0
    2123           40.0            0.0
    2124          100.0        5.34111
    2125           50.0            0.0
    2126           10.0            0.0
    2127           25.0            0.0
    2128           25.0            0.0
    2129           20.0            0.0
    2130           20.0            0.0
    2131           20.0            0.0
    2132           20.0            0.0
    2133           30.0            0.0
    2134           85.0            0.0
    2135           90.0            0.0
    2136           85.0            0.0
    2138           20.0            0.0
    2139           20.0            0.0
    2140           35.0            0.0
    2142           35.0            0.0
    2143           35.0            0.0
    2144           35.0            0.0
    2148           45.0            0.0
    2175            0.0      109.56074
    2199            0.0         4.1484
    2221            0.0       25.53318
    2226            0.0        0.84446
    2228            0.0        1.24575
    2234            0.0        6.30917
    2235            0.0        6.39435
    2250          275.0       761.8021
    2272            0.0        0.10004
    2273            0.0       19.95779
    2274            0.0       14.10491
    2275            0.0       11.18685
    2276            0.0        1.23311
    2277            0.0       38.26564
    2278            0.0       15.34797
    2279            0.0       28.12204
    2280            0.0        2.29267
    2282            0.0        0.59547
    2283            0.0        2.86565
    2284            0.0        0.10216
    2285            0.0       14.89397
    2286            0.0       12.79406
    2287            0.0       32.81643
    2288            0.0        4.96929
    2289            0.0       11.88899
    2290            0.0       35.35571
    2291            0.0       37.04878
    2292            0.0         9.2571
    2293            0.0        6.81969
    2295            0.0        1.12772
    2296            0.0        3.91796
    2297            0.0        0.09846
    2298            0.0        7.00533
    2299            0.0        4.76784
    2300            0.0        6.81738
    2301            0.0        6.35761
    2302            0.0       10.55584
    2303            0.0        7.95474
    2304            0.0        2.91459
    2305            0.0        3.20082
    2306            0.0         1.2307
    2307            0.0        1.22013
    2308            0.0        2.69741
    2309            0.0        3.66249
    2310            0.0        4.38783
    2311            0.0        11.3146
    2312            0.0        3.43739
    2313            0.0       12.75082
    2314            0.0       10.67504
    2315            0.0       29.58494
    2316            0.0        5.99216
    2317            0.0         9.0671
    2318            0.0       10.36757
    2320            0.0       16.14077
    2321            0.0        5.51217
    2322            0.0        0.26854
    2329           35.0            0.0
    2330           20.0            0.0
    2331           20.0            0.0
    2332           20.0            0.0
    2333           10.0            0.0
    2334           20.0            0.0
    2335           20.0            0.0
    2336            0.0       32.70331
    2337            0.0       49.53378
    2338            0.0         1.7113
    2339            0.0       15.71699
