Bus data: 89

Existing circuits: 210
Bfr Bto Nc X Cap. Cost
    3097     659       1        0.00905         1205.0     0.0
    9024    4929       1        0.02296          909.0     0.0
    1815    6542       1        0.05899          521.0     0.0
    6542    1445       1        0.07168          415.0     0.0
    6069    6833       1        0.00465         1600.0     0.0
    6069    2268       1        0.01124         1633.0     0.0
    6069    7180       1        0.00527         1567.0     0.0
    6069    6293       1        0.00938         1600.0     0.0
    1968    9192       1         0.0035         8992.0     0.0
    1968    3493       1        4.41471            8.0     0.0
    1968     955       1         0.0916          337.0     0.0
    1968     228       1        4.76844            7.0     0.0
    1968    6826       1        0.08948          339.0     0.0
    1968    8964       1        0.01189          319.0     0.0
    1968    5776       1          1.944           16.0     0.0
    9192     955       1        0.54676           56.0     0.0
    9192    6826       1        0.58062           53.0     0.0
    9192    8964       1        0.06821          446.0     0.0
    8574    1616       1        0.00386         1435.0     0.0
    8574    1163       1        0.01138         1468.0     0.0
    8574    9064       1        0.00325         1435.0     0.0
    8574    8921       1        0.00339         1600.0     0.0
    3493    2299       1        0.15887          199.0     0.0
    2299    4423       1        0.00022       142286.0     0.0
    6826    2299       1        7.13067            5.0     0.0
    7563    2299       1        1.07591           29.0     0.0
    4427    2299       1        0.18612          162.0     0.0
    8335    2299       1        4.34773            7.0     0.0
    5155    2299       1        1.06889           30.0     0.0
     271    2299       1        0.08652          354.0     0.0
    2449    2299       1        4.49422            7.0     0.0
    4665    2299       1        0.02894         1068.0     0.0
    4495    2299       1        0.26095          121.0     0.0
    3493    5587       1        0.00022          319.0     0.0
    4586    3493       1        0.33738           94.0     0.0
     228    3493       1        0.10048          305.0     0.0
    6826    3493       1         0.8648           37.0     0.0
    7563    3493       1        1.86209           17.0     0.0
    4427    3493       1        0.15319          192.0     0.0
    8335    3493       1        4.72578            6.0     0.0
    5155    3493       1        0.08244          373.0     0.0
     271    3493       1        1.77756           18.0     0.0
    5776    3493       1        2.99258           11.0     0.0
    2449    3493       1        4.96444            6.0     0.0
    4665    3493       1        0.81742           37.0     0.0
    4495    3493       1        0.02961         1038.0     0.0
    5587    4586       1        0.02022         1545.0     0.0
    4423    4586       1        0.02026         1544.0     0.0
    4929    2870       1        0.00041          777.0     0.0
    4929     659       1        0.01087         1303.0     0.0
    4929    1037       1        0.00046          777.0     0.0
    4929     659       1        0.00924         1501.0     0.0
    1815    5210       1        2.63616           12.0     0.0
    1815    1445       1        0.12866          239.0     0.0
    1616    7762       1         0.0032         1665.0     0.0
    1616    2520       1        0.00489         1731.0     0.0
    9064    7762       1        0.00352         1600.0     0.0
    9064      89       1        0.00454         1665.0     0.0
    1317     659       1        0.00746         1633.0     0.0
    1317    8605       1        0.01022         1764.0     0.0
    8605    1367       1         0.0004         1501.0     0.0
    8605    8921       1        0.00698         1764.0     0.0
    1163    1676       1        0.00043         1600.0     0.0
    1163    7051       1        0.00309         1698.0     0.0
     913    7762       1        0.00538         1633.0     0.0
    2107    7762       1        0.00548         1764.0     0.0
    2107    5996       1        0.00173         1863.0     0.0
    2107    6293       1        0.01471         1764.0     0.0
     913    7762       1        0.00512         1797.0     0.0
    6704    8921       1        0.00248         1534.0     0.0
     228    4586       1        0.02169          306.0     0.0
    2441    6293       1        0.00289         1665.0     0.0
     955    3506       1        0.00022          358.0     0.0
     955    8964       1        0.10047          310.0     0.0
    3506    2908       1        0.03998          780.0     0.0
     228    6826       1        0.99333           32.0     0.0
     228    5776       1        3.23231           10.0     0.0
    8964    6826       1        0.43592           63.0     0.0
    5776    6826       1        0.01145         2682.0     0.0
     659    8329       1        0.00305         1600.0     0.0
     659    7051       1        0.01255         1863.0     0.0
     659    9239       1        0.00065         1435.0     0.0
     659    7960       1        0.00063         1534.0     0.0
     659    6233       1        0.00055         1764.0     0.0
     659    5416       1        0.00968         1369.0     0.0
     659    6798       1        0.00079        39828.0     0.0
     792    3279       1        0.00022          397.0     0.0
    7563     792       1        7.54533            5.0     0.0
    7279     792       1        0.48249           63.0     0.0
    8335     792       1        0.12368          254.0     0.0
    2449     792       1        0.36342           86.0     0.0
    4665     792       1        2.19689           14.0     0.0
    4495     792       1        2.39587           13.0     0.0
    5416    2267       1        0.00213          777.0     0.0
    5416    7637       1        0.00884         1303.0     0.0
    8964    2168       1        0.00022          332.0     0.0
    3659    5996       1        0.00204         1797.0     0.0
    5762    5996       1        0.00208          777.0     0.0
    3242    5097       1        0.00022       142286.0     0.0
    7563    3242       1        0.09339          331.0     0.0
    4427    3242       1          7.408            5.0     0.0
    3242    7279       1        0.07292          431.0     0.0
     271    3242       1        8.29556            4.0     0.0
    3242    1611       1        0.56822           56.0     0.0
    5097    1611       1        0.02624         1189.0     0.0
    8181    8179       1        0.00317         1271.0     0.0
    8181    7762       1        0.00498         1501.0     0.0
    9025    7762       1        0.00508         1731.0     0.0
    7563    4427       1        0.77307           41.0     0.0
    7563    7279       1        0.03761          817.0     0.0
    7563    8335       1        0.59871           53.0     0.0
    7563    5155       1        1.16036           28.0     0.0
    7563     271       1        0.91573           35.0     0.0
    2449    7563       1        4.47911            7.0     0.0
    4665    7563       1        0.06327          492.0     0.0
    4495    7563       1        1.83911           17.0     0.0
    7563    1611       1        0.10076          307.0     0.0
    4427    7279       1        2.60471           12.0     0.0
    4427    8335       1          6.088            5.0     0.0
    4427    5155       1        0.04809          652.0     0.0
    4427     271       1         0.0432          723.0     0.0
    2449    4427       1        6.76711            5.0     0.0
    4665    4427       1        1.21418           26.0     0.0
    4495    4427       1        0.04329          714.0     0.0
    4427    1611       1        5.23956            6.0     0.0
    5210    1445       1        0.01718         1817.0     0.0
    8179    5509       1        0.00694         1271.0     0.0
    8179    7762       1          0.008         1567.0     0.0
    7279    4014       1        0.00022       142286.0     0.0
    8335    7279       1        0.03063         1017.0     0.0
    5155    7279       1        3.81467            9.0     0.0
     271    7279       1        2.61493           13.0     0.0
    2449    7279       1        0.71938           43.0     0.0
    4665    7279       1        2.10556           14.0     0.0
    4495    7279       1        4.29458            7.0     0.0
    1611    7279       1        0.16109          195.0     0.0
    5509    1579       1        0.00895         1830.0     0.0
    8335    1531       1        0.00022          319.0     0.0
    5155    8335       1          7.768            4.0     0.0
    2449    8335       1        0.15338          205.0     0.0
    4665    8335       1        0.65627           47.0     0.0
    4495    8335       1        0.89156           35.0     0.0
    7762    2268       1        0.00777         1633.0     0.0
    5155     271       1        0.06189          509.0     0.0
    5155    2908       1        0.05932          520.0     0.0
    4665    5155       1        2.80262           12.0     0.0
    4495    5155       1        2.22044           15.0     0.0
    5155    1611       1        0.07282          432.0     0.0
     271    2908       1        0.05538          547.0     0.0
    4665     271       1        4.63378            7.0     0.0
    4495     271       1        3.72964            9.0     0.0
     271    1611       1        0.07415          424.0     0.0
    1579    5848       1        0.00362         1633.0     0.0
    7051    8847       1        0.00177         1600.0     0.0
    5776    8229       1        0.00022       142286.0     0.0
     317    6233       1        0.00022         1698.0     0.0
    4665    2449       1         0.1729          181.0     0.0
    2449    4495       1         0.1404          224.0     0.0
    4665    4495       1        0.03171          970.0     0.0
    1611    8420       1        0.00022          566.0     0.0
    9024    6542       1        0.06722          470.0     0.0
    9024    6542       1        0.06388          495.0     0.0
    6069    9192       1        0.04681          675.0     0.0
    6069    1968       1        0.04521          699.0     0.0
    7829    1968       1        5.10806            7.0     0.0
    8574    2299       1        0.03998          790.0     0.0
    8574    5587       1        0.04531          698.0     0.0
    4929    1815       1        0.06155          514.0     0.0
    1815     792       1        7.76489            4.0     0.0
    6704    4586       1        0.04903          645.0     0.0
    2441    3506       1         0.0478          661.0     0.0
    1367    6826       1        0.05143          615.0     0.0
    1676     228       1         0.0524          603.0     0.0
    7829    6826       1        0.06431          492.0     0.0
     659    3279       1        0.04863          650.0     0.0
    5210     792       1        0.08972          351.0     0.0
    1445     792       1        0.04836          653.0     0.0
    7180    2168       1        0.04311          678.0     0.0
    6833    8964       1        0.04327          711.0     0.0
    3659    3242       1        0.04903          645.0     0.0
    8181    4427       1        0.04919          643.0     0.0
    9025    7563       1        0.05113          618.0     0.0
    2267    5210       1        0.03923          744.0     0.0
    5210    7279       1        1.19773           26.0     0.0
    5210    8335       1         0.2644          120.0     0.0
    5210    2449       1         0.7368           43.0     0.0
    5210    4665       1        3.64029            9.0     0.0
    5210    4495       1        4.45021            7.0     0.0
    8179    7279       1        0.04371          723.0     0.0
    1445    7279       1        2.31769           14.0     0.0
    5509    8335       1        0.04566          692.0     0.0
    5509    1531       1        0.05096          620.0     0.0
    1445    8335       1        0.55418           57.0     0.0
    7762    5155       1        0.04515          700.0     0.0
    7762     271       1        0.04778          662.0     0.0
    7829    5776       1        0.27015          117.0     0.0
    8329    1445       1        0.05727          552.0     0.0
    8329    1445       1        0.05606          564.0     0.0
    1445    2449       1         1.2919           25.0     0.0
    1445    4665       1        7.26343            5.0     0.0
    2268    2908       1        0.05035          628.0     0.0
    8847    5776       1        0.04964          637.0     0.0
    8847    8103       1        0.04736          667.0     0.0
     317    2449       1        0.04876          648.0     0.0
    7637    8581       1         0.0155         1698.0     0.0
    5848    7526       1        0.00963         1698.0     0.0
      89    4495       1        0.04561          693.0     0.0
    2520    4665       1        0.04486          705.0     0.0
    5996    8420       1        0.04326          731.0     0.0
    2154    5996       1         0.0099         1698.0     0.0

Candidate circuits: 210
Bfr Bto Nc X Cap. Cost
    3097     659       1        0.00905         1205.0          0.905
    9024    4929       1        0.02296          909.0          2.296
    1815    6542       1        0.05899          521.0          5.899
    6542    1445       1        0.07168          415.0          7.168
    6069    6833       1        0.00465         1600.0          0.465
    6069    2268       1        0.01124         1633.0          1.124
    6069    7180       1        0.00527         1567.0          0.527
    6069    6293       1        0.00938         1600.0          0.938
    1968    9192       1         0.0035         8992.0         0.3502
    1968    3493       1        4.41471            8.0       441.4711
    1968     955       1         0.0916          337.0           9.16
    1968     228       1        4.76844            7.0       476.8444
    1968    6826       1        0.08948          339.0          8.948
    1968    8964       1        0.01189          319.0         1.1889
    1968    5776       1          1.944           16.0          194.4
    9192     955       1        0.54676           56.0        54.6756
    9192    6826       1        0.58062           53.0        58.0622
    9192    8964       1        0.06821          446.0         6.8209
    8574    1616       1        0.00386         1435.0          0.386
    8574    1163       1        0.01138         1468.0          1.138
    8574    9064       1        0.00325         1435.0          0.325
    8574    8921       1        0.00339         1600.0          0.339
    3493    2299       1        0.15887          199.0        15.8871
    2299    4423       1        0.00022       142286.0         0.0222
    6826    2299       1        7.13067            5.0       713.0667
    7563    2299       1        1.07591           29.0       107.5911
    4427    2299       1        0.18612          162.0         18.612
    8335    2299       1        4.34773            7.0       434.7733
    5155    2299       1        1.06889           30.0       106.8889
     271    2299       1        0.08652          354.0          8.652
    2449    2299       1        4.49422            7.0       449.4222
    4665    2299       1        0.02894         1068.0         2.8938
    4495    2299       1        0.26095          121.0        26.0951
    3493    5587       1        0.00022          319.0         0.0222
    4586    3493       1        0.33738           94.0        33.7378
     228    3493       1        0.10048          305.0         10.048
    6826    3493       1         0.8648           37.0          86.48
    7563    3493       1        1.86209           17.0       186.2089
    4427    3493       1        0.15319          192.0        15.3191
    8335    3493       1        4.72578            6.0       472.5778
    5155    3493       1        0.08244          373.0          8.244
     271    3493       1        1.77756           18.0       177.7556
    5776    3493       1        2.99258           11.0       299.2578
    2449    3493       1        4.96444            6.0       496.4444
    4665    3493       1        0.81742           37.0        81.7422
    4495    3493       1        0.02961         1038.0         2.9609
    5587    4586       1        0.02022         1545.0         2.0218
    4423    4586       1        0.02026         1544.0         2.0262
    4929    2870       1        0.00041          777.0          0.041
    4929     659       1        0.01087         1303.0          1.087
    4929    1037       1        0.00046          777.0          0.046
    4929     659       1        0.00924         1501.0          0.924
    1815    5210       1        2.63616           12.0       263.6157
    1815    1445       1        0.12866          239.0        12.8659
    1616    7762       1         0.0032         1665.0           0.32
    1616    2520       1        0.00489         1731.0          0.489
    9064    7762       1        0.00352         1600.0          0.352
    9064      89       1        0.00454         1665.0          0.454
    1317     659       1        0.00746         1633.0          0.746
    1317    8605       1        0.01022         1764.0          1.022
    8605    1367       1         0.0004         1501.0           0.04
    8605    8921       1        0.00698         1764.0          0.698
    1163    1676       1        0.00043         1600.0          0.043
    1163    7051       1        0.00309         1698.0          0.309
     913    7762       1        0.00538         1633.0          0.538
    2107    7762       1        0.00548         1764.0          0.548
    2107    5996       1        0.00173         1863.0          0.173
    2107    6293       1        0.01471         1764.0          1.471
     913    7762       1        0.00512         1797.0          0.512
    6704    8921       1        0.00248         1534.0          0.248
     228    4586       1        0.02169          306.0         2.1689
    2441    6293       1        0.00289         1665.0          0.289
     955    3506       1        0.00022          358.0         0.0222
     955    8964       1        0.10047          310.0        10.0471
    3506    2908       1        0.03998          780.0         3.9982
     228    6826       1        0.99333           32.0        99.3333
     228    5776       1        3.23231           10.0       323.2311
    8964    6826       1        0.43592           63.0         43.592
    5776    6826       1        0.01145         2682.0         1.1449
     659    8329       1        0.00305         1600.0          0.305
     659    7051       1        0.01255         1863.0          1.255
     659    9239       1        0.00065         1435.0          0.065
     659    7960       1        0.00063         1534.0          0.063
     659    6233       1        0.00055         1764.0          0.055
     659    5416       1        0.00968         1369.0          0.968
     659    6798       1        0.00079        39828.0          0.079
     792    3279       1        0.00022          397.0         0.0222
    7563     792       1        7.54533            5.0       754.5333
    7279     792       1        0.48249           63.0        48.2489
    8335     792       1        0.12368          254.0         12.368
    2449     792       1        0.36342           86.0        36.3422
    4665     792       1        2.19689           14.0       219.6889
    4495     792       1        2.39587           13.0       239.5867
    5416    2267       1        0.00213          777.0          0.213
    5416    7637       1        0.00884         1303.0          0.884
    8964    2168       1        0.00022          332.0         0.0222
    3659    5996       1        0.00204         1797.0          0.204
    5762    5996       1        0.00208          777.0          0.208
    3242    5097       1        0.00022       142286.0         0.0222
    7563    3242       1        0.09339          331.0         9.3391
    4427    3242       1          7.408            5.0          740.8
    3242    7279       1        0.07292          431.0          7.292
     271    3242       1        8.29556            4.0       829.5556
    3242    1611       1        0.56822           56.0        56.8222
    5097    1611       1        0.02624         1189.0          2.624
    8181    8179       1        0.00317         1271.0          0.317
    8181    7762       1        0.00498         1501.0          0.498
    9025    7762       1        0.00508         1731.0          0.508
    7563    4427       1        0.77307           41.0        77.3067
    7563    7279       1        0.03761          817.0         3.7609
    7563    8335       1        0.59871           53.0        59.8711
    7563    5155       1        1.16036           28.0       116.0356
    7563     271       1        0.91573           35.0        91.5733
    2449    7563       1        4.47911            7.0       447.9111
    4665    7563       1        0.06327          492.0         6.3271
    4495    7563       1        1.83911           17.0       183.9111
    7563    1611       1        0.10076          307.0         10.076
    4427    7279       1        2.60471           12.0       260.4711
    4427    8335       1          6.088            5.0          608.8
    4427    5155       1        0.04809          652.0         4.8089
    4427     271       1         0.0432          723.0           4.32
    2449    4427       1        6.76711            5.0       676.7111
    4665    4427       1        1.21418           26.0       121.4178
    4495    4427       1        0.04329          714.0         4.3289
    4427    1611       1        5.23956            6.0       523.9556
    5210    1445       1        0.01718         1817.0          1.718
    8179    5509       1        0.00694         1271.0          0.694
    8179    7762       1          0.008         1567.0            0.8
    7279    4014       1        0.00022       142286.0         0.0222
    8335    7279       1        0.03063         1017.0         3.0631
    5155    7279       1        3.81467            9.0       381.4667
     271    7279       1        2.61493           13.0       261.4933
    2449    7279       1        0.71938           43.0        71.9378
    4665    7279       1        2.10556           14.0       210.5556
    4495    7279       1        4.29458            7.0       429.4578
    1611    7279       1        0.16109          195.0        16.1089
    5509    1579       1        0.00895         1830.0          0.895
    8335    1531       1        0.00022          319.0         0.0222
    5155    8335       1          7.768            4.0          776.8
    2449    8335       1        0.15338          205.0        15.3382
    4665    8335       1        0.65627           47.0        65.6267
    4495    8335       1        0.89156           35.0        89.1556
    7762    2268       1        0.00777         1633.0          0.777
    5155     271       1        0.06189          509.0         6.1889
    5155    2908       1        0.05932          520.0          5.932
    4665    5155       1        2.80262           12.0       280.2622
    4495    5155       1        2.22044           15.0       222.0444
    5155    1611       1        0.07282          432.0         7.2822
     271    2908       1        0.05538          547.0         5.5382
    4665     271       1        4.63378            7.0       463.3778
    4495     271       1        3.72964            9.0       372.9644
     271    1611       1        0.07415          424.0         7.4151
    1579    5848       1        0.00362         1633.0          0.362
    7051    8847       1        0.00177         1600.0          0.177
    5776    8229       1        0.00022       142286.0         0.0222
     317    6233       1        0.00022         1698.0          0.022
    4665    2449       1         0.1729          181.0        17.2902
    2449    4495       1         0.1404          224.0          14.04
    4665    4495       1        0.03171          970.0         3.1711
    1611    8420       1        0.00022          566.0         0.0222
    9024    6542       1        0.06722          470.0         6.7219
    9024    6542       1        0.06388          495.0          6.388
    6069    9192       1        0.04681          675.0         4.6809
    6069    1968       1        0.04521          699.0          4.521
    7829    1968       1        5.10806            7.0       510.8058
    8574    2299       1        0.03998          790.0         3.9982
    8574    5587       1        0.04531          698.0         4.5312
    4929    1815       1        0.06155          514.0         6.1549
    1815     792       1        7.76489            4.0       776.4888
    6704    4586       1        0.04903          645.0         4.9031
    2441    3506       1         0.0478          661.0         4.7801
    1367    6826       1        0.05143          615.0          5.143
    1676     228       1         0.0524          603.0         5.2399
    7829    6826       1        0.06431          492.0         6.4311
     659    3279       1        0.04863          650.0         4.8632
    5210     792       1        0.08972          351.0          8.972
    1445     792       1        0.04836          653.0          4.836
    7180    2168       1        0.04311          678.0         4.3111
    6833    8964       1        0.04327          711.0         4.3272
    3659    3242       1        0.04903          645.0         4.9031
    8181    4427       1        0.04919          643.0         4.9192
    9025    7563       1        0.05113          618.0         5.1129
    2267    5210       1        0.03923          744.0         3.9229
    5210    7279       1        1.19773           26.0       119.7733
    5210    8335       1         0.2644          120.0          26.44
    5210    2449       1         0.7368           43.0        73.6798
    5210    4665       1        3.64029            9.0       364.0289
    5210    4495       1        4.45021            7.0       445.0207
    8179    7279       1        0.04371          723.0          4.371
    1445    7279       1        2.31769           14.0       231.7689
    5509    8335       1        0.04566          692.0         4.5662
    5509    1531       1        0.05096          620.0         5.0959
    1445    8335       1        0.55418           57.0        55.4178
    7762    5155       1        0.04515          700.0         4.5153
    7762     271       1        0.04778          662.0         4.7778
    7829    5776       1        0.27015          117.0        27.0151
    8329    1445       1        0.05727          552.0          5.727
    8329    1445       1        0.05606          564.0         5.6059
    1445    2449       1         1.2919           25.0       129.1901
    1445    4665       1        7.26343            5.0        726.343
    2268    2908       1        0.05035          628.0         5.0352
    8847    5776       1        0.04964          637.0         4.9638
    8847    8103       1        0.04736          667.0          4.736
     317    2449       1        0.04876          648.0         4.8759
    7637    8581       1         0.0155         1698.0         1.5499
    5848    7526       1        0.00963         1698.0          0.963
      89    4495       1        0.04561          693.0         4.5609
    2520    4665       1        0.04486          705.0         4.4862
    5996    8420       1        0.04326          731.0          4.326
    2154    5996       1         0.0099         1698.0         0.9901

Demand and Generation by bus: 89
Bus G1 D1
    7180            0.0           -0.0
    1037            0.0           -0.0
    9239          400.0            0.0
    3097            0.0         361.91
    5155            0.0          411.3
    8229            0.0            0.0
    1579            0.0           -0.0
    6704            0.0           -0.0
    4665            0.0          390.5
    2107         1000.0            0.0
    1611            0.0          274.1
    3659       1333.335            0.0
    1616            0.0            0.0
    7762            0.0           -0.0
      89            0.0            0.0
    5210            0.0         347.61
    6233          800.0            0.0
    2154            0.0        -357.45
    7279       -404.465            0.0
    2168            0.0            8.6
    5762            0.0            0.0
    8329            0.0            0.0
    1163            0.0           -0.0
    1676            0.0           -0.0
    6798        666.665            0.0
    8335            0.0         637.92
    5776            0.0          222.7
    8847            0.0           -0.0
     659            0.0           -0.0
    6293            0.0           -0.0
    7829            0.0        -114.36
    3242            0.0          296.1
    6826            0.0          326.9
    6833            0.0            0.0
    3279            0.0            0.0
    5848            0.0            0.0
    8921            0.0            0.0
    2267        333.335            0.0
    2268            0.0            0.0
     228            0.0         -23.43
    8420            0.0           -0.0
    2299            0.0          402.1
    8964            0.0         925.91
     271            0.0           96.7
    1815            0.0          63.66
     792            0.0          295.3
    7960          400.0            0.0
    1317            0.0          149.3
    5416            0.0            0.0
    2870            0.0           -0.0
     317            0.0           -0.0
    9024            0.0            0.0
    4929            0.0           37.0
    9025            0.0            0.0
    4423            0.0           -0.0
    4427            0.0          296.8
    1367            0.0            0.0
    2908            0.0          203.8
    7526            0.0        -179.73
    9064            0.0            0.0
    5996            0.0           -0.0
    8574            0.0           -0.0
    5509            0.0            0.0
    8581            0.0       -1299.13
    2441            0.0            0.0
    7051            0.0            0.0
    7563            0.0          531.7
    6542            0.0         355.98
    4495            0.0          336.3
     913       1133.335            0.0
    2449            0.0          301.9
    8605          400.0            0.0
    1445            0.0          238.4
    3493            0.0          226.3
    8103            0.0          39.34
    4014            0.0            0.0
    1968            0.0          118.4
    3506            0.0            0.0
    6069            0.0        -456.66
     955            0.0          244.2
    5587            0.0           -0.0
    7637            0.0            0.0
    2520            0.0           -0.0
    9192            0.0          17.92
    5097         14.155            0.0
    4586         -313.8            0.0
    8179            0.0           -0.0
    8181            0.0            0.0
    1531            0.0           -0.0
