Bus data: 14

Existing circuits: 20
Bfr Bto Nc X Cap. Cost
       1       2       1        0.05917          472.0     0.0
       1       5       1        0.22304          128.0     0.0
       2       3       1        0.19797          145.0     0.0
       2       4       1        0.17632          158.0     0.0
       2       5       1        0.17388          161.0     0.0
       3       4       1        0.17103          160.0     0.0
       4       5       1        0.04211          664.0     0.0
       4       7       1        0.20912          141.0     0.0
       4       9       1        0.55618           53.0     0.0
       5       6       1        0.25202          117.0     0.0
       6      11       1         0.1989          134.0     0.0
       6      12       1        0.25581          104.0     0.0
       6      13       1        0.13027          201.0     0.0
       7       8       1        0.17615          167.0     0.0
       7       9       1        0.11001          267.0     0.0
       9      10       1         0.0845          325.0     0.0
       9      14       1        0.27038           99.0     0.0
      10      11       1        0.19207          141.0     0.0
      12      13       1        0.19988           99.0     0.0
      13      14       1        0.34802           76.0     0.0

Candidate circuits: 20
Bfr Bto Nc X Cap. Cost
       1       2       1        0.05917          472.0          5.917
       1       5       1        0.22304          128.0         22.304
       2       3       1        0.19797          145.0         19.797
       2       4       1        0.17632          158.0         17.632
       2       5       1        0.17388          161.0         17.388
       3       4       1        0.17103          160.0         17.103
       4       5       1        0.04211          664.0          4.211
       4       7       1        0.20912          141.0         20.912
       4       9       1        0.55618           53.0         55.618
       5       6       1        0.25202          117.0         25.202
       6      11       1         0.1989          134.0          19.89
       6      12       1        0.25581          104.0         25.581
       6      13       1        0.13027          201.0         13.027
       7       8       1        0.17615          167.0         17.615
       7       9       1        0.11001          267.0         11.001
       9      10       1         0.0845          325.0           8.45
       9      14       1        0.27038           99.0         27.038
      10      11       1        0.19207          141.0         19.207
      12      13       1        0.19988           99.0         19.988
      13      14       1        0.34802           76.0         34.802

Demand and Generation by bus: 14
Bus G1 D1
       1          170.0            0.0
       2           29.5           21.7
       3            0.0           94.2
       4            0.0           47.8
       5            0.0            7.6
       6            0.0           11.2
       7            0.0            0.0
       8            0.0            0.0
       9            0.0           29.5
      10            0.0            9.0
      11            0.0            3.5
      12            0.0            6.1
      13            0.0           13.5
      14            0.0           14.9
