Bus data: 73

Existing lines: 120
Bfr Bto Nc X Cap. Cost
     101     102       1          0.014          175.0     0.0
     101     103       1          0.211          175.0     0.0
     101     105       1          0.085          175.0     0.0
     102     104       1          0.127          175.0     0.0
     102     106       1          0.192          175.0     0.0
     103     109       1          0.119          175.0     0.0
     103     124       1          0.084          400.0     0.0
     104     109       1          0.104          175.0     0.0
     105     110       1          0.088          175.0     0.0
     106     110       1          0.061          175.0     0.0
     107     108       1          0.061          175.0     0.0
     107     203       1          0.161          175.0     0.0
     108     109       1          0.165          175.0     0.0
     108     110       1          0.165          175.0     0.0
     109     111       1          0.084          400.0     0.0
     109     112       1          0.084          400.0     0.0
     110     111       1          0.084          400.0     0.0
     110     112       1          0.084          400.0     0.0
     111     113       1          0.048          500.0     0.0
     111     114       1          0.042          500.0     0.0
     112     113       1          0.048          500.0     0.0
     112     123       1          0.097          500.0     0.0
     113     123       1          0.087          500.0     0.0
     113     215       1          0.075          500.0     0.0
     114     116       1          0.059          500.0     0.0
     115     116       1          0.017          500.0     0.0
     115     121       1          0.049          500.0     0.0
     115     121       1          0.049          500.0     0.0
     115     124       1          0.052          500.0     0.0
     116     117       1          0.026          500.0     0.0
     116     119       1          0.023          500.0     0.0
     117     118       1          0.014          500.0     0.0
     117     122       1          0.105          500.0     0.0
     118     121       1          0.026          500.0     0.0
     118     121       1          0.026          500.0     0.0
     119     120       1           0.04          500.0     0.0
     119     120       1           0.04          500.0     0.0
     120     123       1          0.022          500.0     0.0
     120     123       1          0.022          500.0     0.0
     121     122       1          0.068          500.0     0.0
     123     217       1          0.074          500.0     0.0
     201     202       1          0.014          175.0     0.0
     201     203       1          0.211          175.0     0.0
     201     205       1          0.085          175.0     0.0
     202     204       1          0.127          175.0     0.0
     202     206       1          0.192          175.0     0.0
     203     209       1          0.119          175.0     0.0
     203     224       1          0.084          400.0     0.0
     204     209       1          0.104          175.0     0.0
     205     210       1          0.088          175.0     0.0
     206     210       1          0.061          175.0     0.0
     207     208       1          0.061          175.0     0.0
     208     209       1          0.165          175.0     0.0
     208     210       1          0.165          175.0     0.0
     209     211       1          0.084          400.0     0.0
     209     212       1          0.084          400.0     0.0
     210     211       1          0.084          400.0     0.0
     210     212       1          0.084          400.0     0.0
     211     213       1          0.048          500.0     0.0
     211     214       1          0.042          500.0     0.0
     212     213       1          0.048          500.0     0.0
     212     223       1          0.097          500.0     0.0
     213     223       1          0.087          500.0     0.0
     214     216       1          0.059          500.0     0.0
     215     216       1          0.017          500.0     0.0
     215     221       1          0.049          500.0     0.0
     215     221       1          0.049          500.0     0.0
     215     224       1          0.052          500.0     0.0
     216     217       1          0.026          500.0     0.0
     216     219       1          0.023          500.0     0.0
     217     218       1          0.014          500.0     0.0
     217     222       1          0.105          500.0     0.0
     218     221       1          0.026          500.0     0.0
     218     221       1          0.026          500.0     0.0
     219     220       1           0.04          500.0     0.0
     219     220       1           0.04          500.0     0.0
     220     223       1          0.022          500.0     0.0
     220     223       1          0.022          500.0     0.0
     221     222       1          0.068          500.0     0.0
     301     302       1          0.014          175.0     0.0
     301     303       1          0.211          175.0     0.0
     301     305       1          0.085          175.0     0.0
     302     304       1          0.127          175.0     0.0
     302     306       1          0.192          175.0     0.0
     303     309       1          0.119          175.0     0.0
     303     324       1          0.084          400.0     0.0
     304     309       1          0.104          175.0     0.0
     305     310       1          0.088          175.0     0.0
     306     310       1          0.061          175.0     0.0
     307     308       1          0.061          175.0     0.0
     308     309       1          0.165          175.0     0.0
     308     310       1          0.165          175.0     0.0
     309     311       1          0.084          400.0     0.0
     309     312       1          0.084          400.0     0.0
     310     311       1          0.084          400.0     0.0
     310     312       1          0.084          400.0     0.0
     311     313       1          0.048          500.0     0.0
     311     314       1          0.042          500.0     0.0
     312     313       1          0.048          500.0     0.0
     312     323       1          0.097          500.0     0.0
     313     323       1          0.087          500.0     0.0
     314     316       1          0.059          500.0     0.0
     315     316       1          0.017          500.0     0.0
     315     321       1          0.049          500.0     0.0
     315     321       1          0.049          500.0     0.0
     315     324       1          0.052          500.0     0.0
     316     317       1          0.026          500.0     0.0
     316     319       1          0.023          500.0     0.0
     317     318       1          0.014          500.0     0.0
     317     322       1          0.105          500.0     0.0
     318     321       1          0.026          500.0     0.0
     318     321       1          0.026          500.0     0.0
     319     320       1           0.04          500.0     0.0
     319     320       1           0.04          500.0     0.0
     320     323       1          0.022          500.0     0.0
     320     323       1          0.022          500.0     0.0
     321     322       1          0.068          500.0     0.0
     325     121       1          0.097          500.0     0.0
     318     223       1          0.104          500.0     0.0
     323     325       1          0.009          722.0     0.0

Candidate lines: 120
Bfr Bto Nc X Cap. Cost
     101     102       1          0.014          175.0            1.4
     101     103       1          0.211          175.0           21.1
     101     105       1          0.085          175.0            8.5
     102     104       1          0.127          175.0           12.7
     102     106       1          0.192          175.0           19.2
     103     109       1          0.119          175.0           11.9
     103     124       1          0.084          400.0            8.4
     104     109       1          0.104          175.0           10.4
     105     110       1          0.088          175.0            8.8
     106     110       1          0.061          175.0            6.1
     107     108       1          0.061          175.0            6.1
     107     203       1          0.161          175.0           16.1
     108     109       1          0.165          175.0           16.5
     108     110       1          0.165          175.0           16.5
     109     111       1          0.084          400.0            8.4
     109     112       1          0.084          400.0            8.4
     110     111       1          0.084          400.0            8.4
     110     112       1          0.084          400.0            8.4
     111     113       1          0.048          500.0            4.8
     111     114       1          0.042          500.0            4.2
     112     113       1          0.048          500.0            4.8
     112     123       1          0.097          500.0            9.7
     113     123       1          0.087          500.0            8.7
     113     215       1          0.075          500.0            7.5
     114     116       1          0.059          500.0            5.9
     115     116       1          0.017          500.0            1.7
     115     121       1          0.049          500.0            4.9
     115     121       1          0.049          500.0            4.9
     115     124       1          0.052          500.0            5.2
     116     117       1          0.026          500.0            2.6
     116     119       1          0.023          500.0            2.3
     117     118       1          0.014          500.0            1.4
     117     122       1          0.105          500.0           10.5
     118     121       1          0.026          500.0            2.6
     118     121       1          0.026          500.0            2.6
     119     120       1           0.04          500.0            4.0
     119     120       1           0.04          500.0            4.0
     120     123       1          0.022          500.0            2.2
     120     123       1          0.022          500.0            2.2
     121     122       1          0.068          500.0            6.8
     123     217       1          0.074          500.0            7.4
     201     202       1          0.014          175.0            1.4
     201     203       1          0.211          175.0           21.1
     201     205       1          0.085          175.0            8.5
     202     204       1          0.127          175.0           12.7
     202     206       1          0.192          175.0           19.2
     203     209       1          0.119          175.0           11.9
     203     224       1          0.084          400.0            8.4
     204     209       1          0.104          175.0           10.4
     205     210       1          0.088          175.0            8.8
     206     210       1          0.061          175.0            6.1
     207     208       1          0.061          175.0            6.1
     208     209       1          0.165          175.0           16.5
     208     210       1          0.165          175.0           16.5
     209     211       1          0.084          400.0            8.4
     209     212       1          0.084          400.0            8.4
     210     211       1          0.084          400.0            8.4
     210     212       1          0.084          400.0            8.4
     211     213       1          0.048          500.0            4.8
     211     214       1          0.042          500.0            4.2
     212     213       1          0.048          500.0            4.8
     212     223       1          0.097          500.0            9.7
     213     223       1          0.087          500.0            8.7
     214     216       1          0.059          500.0            5.9
     215     216       1          0.017          500.0            1.7
     215     221       1          0.049          500.0            4.9
     215     221       1          0.049          500.0            4.9
     215     224       1          0.052          500.0            5.2
     216     217       1          0.026          500.0            2.6
     216     219       1          0.023          500.0            2.3
     217     218       1          0.014          500.0            1.4
     217     222       1          0.105          500.0           10.5
     218     221       1          0.026          500.0            2.6
     218     221       1          0.026          500.0            2.6
     219     220       1           0.04          500.0            4.0
     219     220       1           0.04          500.0            4.0
     220     223       1          0.022          500.0            2.2
     220     223       1          0.022          500.0            2.2
     221     222       1          0.068          500.0            6.8
     301     302       1          0.014          175.0            1.4
     301     303       1          0.211          175.0           21.1
     301     305       1          0.085          175.0            8.5
     302     304       1          0.127          175.0           12.7
     302     306       1          0.192          175.0           19.2
     303     309       1          0.119          175.0           11.9
     303     324       1          0.084          400.0            8.4
     304     309       1          0.104          175.0           10.4
     305     310       1          0.088          175.0            8.8
     306     310       1          0.061          175.0            6.1
     307     308       1          0.061          175.0            6.1
     308     309       1          0.165          175.0           16.5
     308     310       1          0.165          175.0           16.5
     309     311       1          0.084          400.0            8.4
     309     312       1          0.084          400.0            8.4
     310     311       1          0.084          400.0            8.4
     310     312       1          0.084          400.0            8.4
     311     313       1          0.048          500.0            4.8
     311     314       1          0.042          500.0            4.2
     312     313       1          0.048          500.0            4.8
     312     323       1          0.097          500.0            9.7
     313     323       1          0.087          500.0            8.7
     314     316       1          0.059          500.0            5.9
     315     316       1          0.017          500.0            1.7
     315     321       1          0.049          500.0            4.9
     315     321       1          0.049          500.0            4.9
     315     324       1          0.052          500.0            5.2
     316     317       1          0.026          500.0            2.6
     316     319       1          0.023          500.0            2.3
     317     318       1          0.014          500.0            1.4
     317     322       1          0.105          500.0           10.5
     318     321       1          0.026          500.0            2.6
     318     321       1          0.026          500.0            2.6
     319     320       1           0.04          500.0            4.0
     319     320       1           0.04          500.0            4.0
     320     323       1          0.022          500.0            2.2
     320     323       1          0.022          500.0            2.2
     321     322       1          0.068          500.0            6.8
     325     121       1          0.097          500.0            9.7
     318     223       1          0.104          500.0           10.4
     323     325       1          0.009          722.0            0.9

Generation and demand by bus: 60
Bus G1 D1
     301           45.6          108.0
     302           45.6           97.0
     303            0.0          180.0
     304            0.0           74.0
     305            0.0           71.0
     306            0.0          136.0
     307           62.5          125.0
     308            0.0          171.0
     309            0.0          175.0
     310            0.0          195.0
     313          133.0          265.0
     314            0.0          194.0
     315         104.65          317.0
     316         104.65          100.0
     318          250.0          333.0
     319            0.0          181.0
     320            0.0          128.0
     321          250.0            0.0
     322           30.0            0.0
     323          245.0            0.0
     201           45.6          108.0
     202           45.6           97.0
     203            0.0          180.0
     204            0.0           74.0
     205            0.0           71.0
     206            0.0          136.0
     207           62.5          125.0
     208            0.0          171.0
     209            0.0          175.0
     210            0.0          195.0
     213          133.0          265.0
     214            0.0          194.0
     215         104.65          317.0
     216         104.65          100.0
     218          250.0          333.0
     219            0.0          181.0
     220            0.0          128.0
     221          250.0            0.0
     222           30.0            0.0
     223          245.0            0.0
     101           45.6          108.0
     102           45.6           97.0
     103            0.0          180.0
     104            0.0           74.0
     105            0.0           71.0
     106            0.0          136.0
     107           62.5          125.0
     108            0.0          171.0
     109            0.0          175.0
     110            0.0          195.0
     113          133.0          265.0
     114            0.0          194.0
     115         104.65          317.0
     116         104.65          100.0
     118          250.0          333.0
     119            0.0          181.0
     120            0.0          128.0
     121          250.0            0.0
     122           30.0            0.0
     123          245.0            0.0
