Bus data: 118

Existing lines: 186
Bfr Bto Nc X Cap. Cost
       1       2       1         0.0999          151.0     0.0
       1       3       1         0.0424          151.0     0.0
       4       5       1        0.00798          176.0     0.0
       3       5       1          0.108          175.0     0.0
       5       6       1          0.054          176.0     0.0
       6       7       1         0.0208          176.0     0.0
       8       9       1         0.0305          711.0     0.0
       8       5       1         0.0267         1099.0     0.0
       9      10       1         0.0322          710.0     0.0
       4      11       1         0.0688          151.0     0.0
       5      11       1         0.0682          152.0     0.0
      11      12       1         0.0196          151.0     0.0
       2      12       1         0.0616          151.0     0.0
       3      12       1           0.16          151.0     0.0
       7      12       1          0.034          164.0     0.0
      11      13       1         0.0731          151.0     0.0
      12      14       1         0.0707          151.0     0.0
      13      15       1         0.2444          115.0     0.0
      14      15       1          0.195          144.0     0.0
      12      16       1         0.0834          164.0     0.0
      15      17       1         0.0437          151.0     0.0
      16      17       1         0.1801          158.0     0.0
      17      18       1         0.0505          167.0     0.0
      18      19       1         0.0493          173.0     0.0
      19      20       1          0.117          178.0     0.0
      15      19       1         0.0394          151.0     0.0
      20      21       1         0.0849          177.0     0.0
      21      22       1          0.097          178.0     0.0
      22      23       1          0.159          178.0     0.0
      23      24       1         0.0492          158.0     0.0
      23      25       1           0.08          186.0     0.0
      26      25       1         0.0382          768.0     0.0
      25      27       1          0.163          177.0     0.0
      27      28       1         0.0855          174.0     0.0
      28      29       1         0.0943          165.0     0.0
      30      17       1         0.0388          756.0     0.0
       8      30       1         0.0504          580.0     0.0
      26      30       1          0.086          340.0     0.0
      17      31       1         0.1563          151.0     0.0
      29      31       1         0.0331          146.0     0.0
      23      32       1         0.1153          158.0     0.0
      31      32       1         0.0985          151.0     0.0
      27      32       1         0.0755          151.0     0.0
      15      33       1         0.1244          150.0     0.0
      19      34       1          0.247          114.0     0.0
      35      36       1         0.0102          176.0     0.0
      35      37       1         0.0497          175.0     0.0
      33      37       1          0.142          154.0     0.0
      34      36       1         0.0268          146.0     0.0
      34      37       1         0.0094          159.0     0.0
      38      37       1         0.0375          783.0     0.0
      37      39       1          0.106          151.0     0.0
      37      40       1          0.168          140.0     0.0
      30      38       1          0.054          542.0     0.0
      39      40       1         0.0605          151.0     0.0
      40      41       1         0.0487          152.0     0.0
      40      42       1          0.183          151.0     0.0
      41      42       1          0.135          151.0     0.0
      43      44       1         0.2454          117.0     0.0
      34      43       1         0.1681          167.0     0.0
      44      45       1         0.0901          166.0     0.0
      45      46       1         0.1356          153.0     0.0
      46      47       1          0.127          152.0     0.0
      46      48       1          0.189          148.0     0.0
      47      49       1         0.0625          150.0     0.0
      42      49       1          0.323           89.0     0.0
      42      49       1          0.323           89.0     0.0
      45      49       1          0.186          138.0     0.0
      48      49       1         0.0505          140.0     0.0
      49      50       1         0.0752          140.0     0.0
      49      51       1          0.137          140.0     0.0
      51      52       1         0.0588          142.0     0.0
      52      53       1         0.1635          166.0     0.0
      53      54       1          0.122          177.0     0.0
      49      54       1          0.289           99.0     0.0
      49      54       1          0.291           97.0     0.0
      54      55       1         0.0707          169.0     0.0
      54      56       1        0.00955          155.0     0.0
      55      56       1         0.0151          146.0     0.0
      56      57       1         0.0966          140.0     0.0
      50      57       1          0.134          140.0     0.0
      56      58       1         0.0966          140.0     0.0
      51      58       1         0.0719          140.0     0.0
      54      59       1         0.2293          125.0     0.0
      56      59       1          0.251          112.0     0.0
      56      59       1          0.239          117.0     0.0
      55      59       1         0.2158          133.0     0.0
      59      60       1          0.145          176.0     0.0
      59      61       1           0.15          176.0     0.0
      60      61       1         0.0135          186.0     0.0
      60      62       1         0.0561          176.0     0.0
      61      62       1         0.0376          176.0     0.0
      63      59       1         0.0386          760.0     0.0
      63      64       1           0.02          687.0     0.0
      64      61       1         0.0268         1095.0     0.0
      38      65       1         0.0986          297.0     0.0
      64      65       1         0.0302          675.0     0.0
      49      66       1         0.0919          186.0     0.0
      49      66       1         0.0919          186.0     0.0
      62      66       1          0.218          132.0     0.0
      62      67       1          0.117          176.0     0.0
      65      66       1          0.037          793.0     0.0
      66      67       1         0.1015          176.0     0.0
      65      68       1          0.016          686.0     0.0
      47      69       1         0.2778          102.0     0.0
      49      69       1          0.324           87.0     0.0
      68      69       1          0.037          793.0     0.0
      69      70       1          0.127          170.0     0.0
      24      70       1         0.4115           72.0     0.0
      70      71       1         0.0355          166.0     0.0
      24      72       1          0.196          146.0     0.0
      71      72       1           0.18          159.0     0.0
      71      73       1         0.0454          188.0     0.0
      70      74       1         0.1323          151.0     0.0
      70      75       1          0.141          151.0     0.0
      69      75       1          0.122          145.0     0.0
      74      75       1         0.0406          151.0     0.0
      76      77       1          0.148          152.0     0.0
      69      77       1          0.101          150.0     0.0
      75      77       1         0.1999          141.0     0.0
      77      78       1         0.0124          151.0     0.0
      78      79       1         0.0244          174.0     0.0
      77      80       1         0.0485          141.0     0.0
      77      80       1          0.105          157.0     0.0
      79      80       1         0.0704          175.0     0.0
      68      81       1         0.0202          684.0     0.0
      81      80       1          0.037          793.0     0.0
      77      82       1         0.0853          141.0     0.0
      82      83       1        0.03665          150.0     0.0
      83      84       1          0.132          122.0     0.0
      83      85       1          0.148          154.0     0.0
      84      85       1         0.0641          122.0     0.0
      85      86       1          0.123          156.0     0.0
      86      87       1         0.2074          141.0     0.0
      85      88       1          0.102          186.0     0.0
      85      89       1          0.173          168.0     0.0
      88      89       1         0.0712          186.0     0.0
      89      90       1          0.188          151.0     0.0
      89      90       1         0.0997          169.0     0.0
      90      91       1         0.0836          151.0     0.0
      89      92       1         0.0505          186.0     0.0
      89      92       1         0.1581          166.0     0.0
      91      92       1         0.1272          151.0     0.0
      92      93       1         0.0848          151.0     0.0
      92      94       1          0.158          151.0     0.0
      93      94       1         0.0732          151.0     0.0
      94      95       1         0.0434          151.0     0.0
      80      96       1          0.182          159.0     0.0
      82      96       1          0.053          150.0     0.0
      94      96       1         0.0869          149.0     0.0
      80      97       1         0.0934          186.0     0.0
      80      98       1          0.108          176.0     0.0
      80      99       1          0.206          140.0     0.0
      92     100       1          0.295           98.0     0.0
      94     100       1          0.058          150.0     0.0
      95      96       1         0.0547          149.0     0.0
      96      97       1         0.0885          186.0     0.0
      98     100       1          0.179          160.0     0.0
      99     100       1         0.0813          175.0     0.0
     100     101       1         0.1262          176.0     0.0
      92     102       1         0.0559          176.0     0.0
     101     102       1          0.112          176.0     0.0
     100     103       1         0.0525          151.0     0.0
     100     104       1          0.204          141.0     0.0
     103     104       1         0.1584          153.0     0.0
     103     105       1         0.1625          145.0     0.0
     100     106       1          0.229          124.0     0.0
     104     105       1         0.0378          161.0     0.0
     105     106       1         0.0547          164.0     0.0
     105     107       1          0.183          154.0     0.0
     105     108       1         0.0703          137.0     0.0
     106     107       1          0.183          154.0     0.0
     108     109       1         0.0288          138.0     0.0
     103     110       1         0.1813          159.0     0.0
     109     110       1         0.0762          138.0     0.0
     110     111       1         0.0755          154.0     0.0
     110     112       1          0.064          135.0     0.0
      17     113       1         0.0301          151.0     0.0
      32     113       1          0.203          139.0     0.0
      32     114       1         0.0612          176.0     0.0
      27     115       1         0.0741          175.0     0.0
     114     115       1         0.0104          175.0     0.0
      68     116       1        0.00405         7218.0     0.0
      12     117       1           0.14          170.0     0.0
      75     118       1         0.0481          151.0     0.0
      76     118       1         0.0544          151.0     0.0

Candidate lines: 186
Bfr Bto Nc X Cap. Cost
       1       2       1         0.0999          151.0           9.99
       1       3       1         0.0424          151.0           4.24
       4       5       1        0.00798          176.0          0.798
       3       5       1          0.108          175.0           10.8
       5       6       1          0.054          176.0            5.4
       6       7       1         0.0208          176.0           2.08
       8       9       1         0.0305          711.0           3.05
       8       5       1         0.0267         1099.0           2.67
       9      10       1         0.0322          710.0           3.22
       4      11       1         0.0688          151.0           6.88
       5      11       1         0.0682          152.0           6.82
      11      12       1         0.0196          151.0           1.96
       2      12       1         0.0616          151.0           6.16
       3      12       1           0.16          151.0           16.0
       7      12       1          0.034          164.0            3.4
      11      13       1         0.0731          151.0           7.31
      12      14       1         0.0707          151.0           7.07
      13      15       1         0.2444          115.0          24.44
      14      15       1          0.195          144.0           19.5
      12      16       1         0.0834          164.0           8.34
      15      17       1         0.0437          151.0           4.37
      16      17       1         0.1801          158.0          18.01
      17      18       1         0.0505          167.0           5.05
      18      19       1         0.0493          173.0           4.93
      19      20       1          0.117          178.0           11.7
      15      19       1         0.0394          151.0           3.94
      20      21       1         0.0849          177.0           8.49
      21      22       1          0.097          178.0            9.7
      22      23       1          0.159          178.0           15.9
      23      24       1         0.0492          158.0           4.92
      23      25       1           0.08          186.0            8.0
      26      25       1         0.0382          768.0           3.82
      25      27       1          0.163          177.0           16.3
      27      28       1         0.0855          174.0           8.55
      28      29       1         0.0943          165.0           9.43
      30      17       1         0.0388          756.0           3.88
       8      30       1         0.0504          580.0           5.04
      26      30       1          0.086          340.0            8.6
      17      31       1         0.1563          151.0          15.63
      29      31       1         0.0331          146.0           3.31
      23      32       1         0.1153          158.0          11.53
      31      32       1         0.0985          151.0           9.85
      27      32       1         0.0755          151.0           7.55
      15      33       1         0.1244          150.0          12.44
      19      34       1          0.247          114.0           24.7
      35      36       1         0.0102          176.0           1.02
      35      37       1         0.0497          175.0           4.97
      33      37       1          0.142          154.0           14.2
      34      36       1         0.0268          146.0           2.68
      34      37       1         0.0094          159.0           0.94
      38      37       1         0.0375          783.0           3.75
      37      39       1          0.106          151.0           10.6
      37      40       1          0.168          140.0           16.8
      30      38       1          0.054          542.0            5.4
      39      40       1         0.0605          151.0           6.05
      40      41       1         0.0487          152.0           4.87
      40      42       1          0.183          151.0           18.3
      41      42       1          0.135          151.0           13.5
      43      44       1         0.2454          117.0          24.54
      34      43       1         0.1681          167.0          16.81
      44      45       1         0.0901          166.0           9.01
      45      46       1         0.1356          153.0          13.56
      46      47       1          0.127          152.0           12.7
      46      48       1          0.189          148.0           18.9
      47      49       1         0.0625          150.0           6.25
      42      49       1          0.323           89.0           32.3
      42      49       1          0.323           89.0           32.3
      45      49       1          0.186          138.0           18.6
      48      49       1         0.0505          140.0           5.05
      49      50       1         0.0752          140.0           7.52
      49      51       1          0.137          140.0           13.7
      51      52       1         0.0588          142.0           5.88
      52      53       1         0.1635          166.0          16.35
      53      54       1          0.122          177.0           12.2
      49      54       1          0.289           99.0           28.9
      49      54       1          0.291           97.0           29.1
      54      55       1         0.0707          169.0           7.07
      54      56       1        0.00955          155.0          0.955
      55      56       1         0.0151          146.0           1.51
      56      57       1         0.0966          140.0           9.66
      50      57       1          0.134          140.0           13.4
      56      58       1         0.0966          140.0           9.66
      51      58       1         0.0719          140.0           7.19
      54      59       1         0.2293          125.0          22.93
      56      59       1          0.251          112.0           25.1
      56      59       1          0.239          117.0           23.9
      55      59       1         0.2158          133.0          21.58
      59      60       1          0.145          176.0           14.5
      59      61       1           0.15          176.0           15.0
      60      61       1         0.0135          186.0           1.35
      60      62       1         0.0561          176.0           5.61
      61      62       1         0.0376          176.0           3.76
      63      59       1         0.0386          760.0           3.86
      63      64       1           0.02          687.0            2.0
      64      61       1         0.0268         1095.0           2.68
      38      65       1         0.0986          297.0           9.86
      64      65       1         0.0302          675.0           3.02
      49      66       1         0.0919          186.0           9.19
      49      66       1         0.0919          186.0           9.19
      62      66       1          0.218          132.0           21.8
      62      67       1          0.117          176.0           11.7
      65      66       1          0.037          793.0            3.7
      66      67       1         0.1015          176.0          10.15
      65      68       1          0.016          686.0            1.6
      47      69       1         0.2778          102.0          27.78
      49      69       1          0.324           87.0           32.4
      68      69       1          0.037          793.0            3.7
      69      70       1          0.127          170.0           12.7
      24      70       1         0.4115           72.0          41.15
      70      71       1         0.0355          166.0           3.55
      24      72       1          0.196          146.0           19.6
      71      72       1           0.18          159.0           18.0
      71      73       1         0.0454          188.0           4.54
      70      74       1         0.1323          151.0          13.23
      70      75       1          0.141          151.0           14.1
      69      75       1          0.122          145.0           12.2
      74      75       1         0.0406          151.0           4.06
      76      77       1          0.148          152.0           14.8
      69      77       1          0.101          150.0           10.1
      75      77       1         0.1999          141.0          19.99
      77      78       1         0.0124          151.0           1.24
      78      79       1         0.0244          174.0           2.44
      77      80       1         0.0485          141.0           4.85
      77      80       1          0.105          157.0           10.5
      79      80       1         0.0704          175.0           7.04
      68      81       1         0.0202          684.0           2.02
      81      80       1          0.037          793.0            3.7
      77      82       1         0.0853          141.0           8.53
      82      83       1        0.03665          150.0          3.665
      83      84       1          0.132          122.0           13.2
      83      85       1          0.148          154.0           14.8
      84      85       1         0.0641          122.0           6.41
      85      86       1          0.123          156.0           12.3
      86      87       1         0.2074          141.0          20.74
      85      88       1          0.102          186.0           10.2
      85      89       1          0.173          168.0           17.3
      88      89       1         0.0712          186.0           7.12
      89      90       1          0.188          151.0           18.8
      89      90       1         0.0997          169.0           9.97
      90      91       1         0.0836          151.0           8.36
      89      92       1         0.0505          186.0           5.05
      89      92       1         0.1581          166.0          15.81
      91      92       1         0.1272          151.0          12.72
      92      93       1         0.0848          151.0           8.48
      92      94       1          0.158          151.0           15.8
      93      94       1         0.0732          151.0           7.32
      94      95       1         0.0434          151.0           4.34
      80      96       1          0.182          159.0           18.2
      82      96       1          0.053          150.0            5.3
      94      96       1         0.0869          149.0           8.69
      80      97       1         0.0934          186.0           9.34
      80      98       1          0.108          176.0           10.8
      80      99       1          0.206          140.0           20.6
      92     100       1          0.295           98.0           29.5
      94     100       1          0.058          150.0            5.8
      95      96       1         0.0547          149.0           5.47
      96      97       1         0.0885          186.0           8.85
      98     100       1          0.179          160.0           17.9
      99     100       1         0.0813          175.0           8.13
     100     101       1         0.1262          176.0          12.62
      92     102       1         0.0559          176.0           5.59
     101     102       1          0.112          176.0           11.2
     100     103       1         0.0525          151.0           5.25
     100     104       1          0.204          141.0           20.4
     103     104       1         0.1584          153.0          15.84
     103     105       1         0.1625          145.0          16.25
     100     106       1          0.229          124.0           22.9
     104     105       1         0.0378          161.0           3.78
     105     106       1         0.0547          164.0           5.47
     105     107       1          0.183          154.0           18.3
     105     108       1         0.0703          137.0           7.03
     106     107       1          0.183          154.0           18.3
     108     109       1         0.0288          138.0           2.88
     103     110       1         0.1813          159.0          18.13
     109     110       1         0.0762          138.0           7.62
     110     111       1         0.0755          154.0           7.55
     110     112       1          0.064          135.0            6.4
      17     113       1         0.0301          151.0           3.01
      32     113       1          0.203          139.0           20.3
      32     114       1         0.0612          176.0           6.12
      27     115       1         0.0741          175.0           7.41
     114     115       1         0.0104          175.0           1.04
      68     116       1        0.00405         7218.0          0.405
      12     117       1           0.14          170.0           14.0
      75     118       1         0.0481          151.0           4.81
      76     118       1         0.0544          151.0           5.44

Generation and demand by bus: 108
Bus G1 D1
       1            0.0           51.0
       2            0.0           20.0
       3            0.0           39.0
       4            0.0           39.0
       6            0.0           52.0
       7            0.0           19.0
       8            0.0           28.0
      10          252.5            0.0
      11            0.0           70.0
      12           42.5           47.0
      13            0.0           34.0
      14            0.0           14.0
      15            0.0           90.0
      16            0.0           25.0
      17            0.0           11.0
      18            0.0           60.0
      19            0.0           45.0
      20            0.0           18.0
      21            0.0           14.0
      22            0.0           10.0
      23            0.0            7.0
      24            0.0           13.0
      25          110.5            0.0
      26          242.5            0.0
      27            0.0           71.0
      28            0.0           17.0
      29            0.0           24.0
      31            8.5           43.0
      32            0.0           59.0
      33            0.0           23.0
      34            0.0           59.0
      35            0.0           33.0
      36            0.0           31.0
      39            0.0           27.0
      40            0.0           66.0
      41            0.0           37.0
      42            0.0           96.0
      43            0.0           18.0
      44            0.0           16.0
      45            0.0           53.0
      46           10.0           28.0
      47            0.0           34.0
      48            0.0           20.0
      49          111.5           87.0
      50            0.0           17.0
      51            0.0           17.0
      52            0.0           18.0
      53            0.0           23.0
      54           26.5          113.0
      55            0.0           63.0
      56            0.0           84.0
      57            0.0           12.0
      58            0.0           12.0
      59          154.0          277.0
      60            0.0           78.0
      61           97.5            0.0
      62            0.0           77.0
      65          220.5            0.0
      66          392.0           39.0
      67            0.0           28.0
      69          591.0            0.0
      70            0.0           66.0
      72            0.0           12.0
      73            0.0            6.0
      74            0.0           68.0
      75            0.0           47.0
      76            0.0           68.0
      77            0.0           61.0
      78            0.0           71.0
      79            0.0           39.0
      80          254.5          130.0
      82            0.0           54.0
      83            0.0           20.0
      84            0.0           11.0
      85            0.0           24.0
      86            0.0           21.0
      87            5.0            0.0
      88            0.0           48.0
      89          318.5            0.0
      90            0.0          163.0
      91            0.0           10.0
      92            0.0           65.0
      93            0.0           12.0
      94            0.0           30.0
      95            0.0           42.0
      96            0.0           38.0
      97            0.0           15.0
      98            0.0           34.0
      99            0.0           42.0
     100          326.5           37.0
     101            0.0           22.0
     102            0.0            5.0
     103           54.0           23.0
     104            0.0           38.0
     105            0.0           31.0
     106            0.0           43.0
     107            0.0           50.0
     108            0.0            2.0
     109            0.0            8.0
     110            0.0           39.0
     111           39.5            0.0
     112            0.0           68.0
     113            0.0            6.0
     114            0.0            8.0
     115            0.0           22.0
     116            0.0          184.0
     117            0.0           20.0
     118            0.0           33.0
