Bus data: 24

Existing lines: 38
Bfr Bto Nc X Cap. Cost
       1       2       1         0.0139          175.0     0.0
       1       3       1         0.2112          175.0     0.0
       1       5       1         0.0845          175.0     0.0
       2       4       1         0.1267          175.0     0.0
       2       6       1          0.192          175.0     0.0
       3       9       1          0.119          175.0     0.0
       3      24       1         0.0839          400.0     0.0
       4       9       1         0.1037          175.0     0.0
       5      10       1         0.0883          175.0     0.0
       6      10       1         0.0605          175.0     0.0
       7       8       1         0.0614          175.0     0.0
       8       9       1         0.1651          175.0     0.0
       8      10       1         0.1651          175.0     0.0
       9      11       1         0.0839          400.0     0.0
       9      12       1         0.0839          400.0     0.0
      10      11       1         0.0839          400.0     0.0
      10      12       1         0.0839          400.0     0.0
      11      13       1         0.0476          500.0     0.0
      11      14       1         0.0418          500.0     0.0
      12      13       1         0.0476          500.0     0.0
      12      23       1         0.0966          500.0     0.0
      13      23       1         0.0865          500.0     0.0
      14      16       1         0.0389          500.0     0.0
      15      16       1         0.0173          500.0     0.0
      15      21       1          0.049          500.0     0.0
      15      21       1          0.049          500.0     0.0
      15      24       1         0.0519          500.0     0.0
      16      17       1         0.0259          500.0     0.0
      16      19       1         0.0231          500.0     0.0
      17      18       1         0.0144          500.0     0.0
      17      22       1         0.1053          500.0     0.0
      18      21       1         0.0259          500.0     0.0
      18      21       1         0.0259          500.0     0.0
      19      20       1         0.0396          500.0     0.0
      19      20       1         0.0396          500.0     0.0
      20      23       1         0.0216          500.0     0.0
      20      23       1         0.0216          500.0     0.0
      21      22       1         0.0678          500.0     0.0

Candidate lines: 38
Bfr Bto Nc X Cap. Cost
       1       2       1         0.0139          175.0           1.39
       1       3       1         0.2112          175.0          21.12
       1       5       1         0.0845          175.0           8.45
       2       4       1         0.1267          175.0          12.67
       2       6       1          0.192          175.0           19.2
       3       9       1          0.119          175.0           11.9
       3      24       1         0.0839          400.0           8.39
       4       9       1         0.1037          175.0          10.37
       5      10       1         0.0883          175.0           8.83
       6      10       1         0.0605          175.0           6.05
       7       8       1         0.0614          175.0           6.14
       8       9       1         0.1651          175.0          16.51
       8      10       1         0.1651          175.0          16.51
       9      11       1         0.0839          400.0           8.39
       9      12       1         0.0839          400.0           8.39
      10      11       1         0.0839          400.0           8.39
      10      12       1         0.0839          400.0           8.39
      11      13       1         0.0476          500.0           4.76
      11      14       1         0.0418          500.0           4.18
      12      13       1         0.0476          500.0           4.76
      12      23       1         0.0966          500.0           9.66
      13      23       1         0.0865          500.0           8.65
      14      16       1         0.0389          500.0           3.89
      15      16       1         0.0173          500.0           1.73
      15      21       1          0.049          500.0            4.9
      15      21       1          0.049          500.0            4.9
      15      24       1         0.0519          500.0           5.19
      16      17       1         0.0259          500.0           2.59
      16      19       1         0.0231          500.0           2.31
      17      18       1         0.0144          500.0           1.44
      17      22       1         0.1053          500.0          10.53
      18      21       1         0.0259          500.0           2.59
      18      21       1         0.0259          500.0           2.59
      19      20       1         0.0396          500.0           3.96
      19      20       1         0.0396          500.0           3.96
      20      23       1         0.0216          500.0           2.16
      20      23       1         0.0216          500.0           2.16
      21      22       1         0.0678          500.0           6.78

Generation and demand by bus: 20
Bus G1 D1
       1           45.6          108.0
       2           45.6           97.0
       3            0.0          180.0
       4            0.0           74.0
       5            0.0           71.0
       6            0.0          136.0
       7           62.5          125.0
       8            0.0          171.0
       9            0.0          175.0
      10            0.0          195.0
      13          133.0          265.0
      14            0.0          194.0
      15         104.65          317.0
      16         104.65          100.0
      18          250.0          333.0
      19            0.0          181.0
      20            0.0          128.0
      21          250.0            0.0
      22           30.0            0.0
      23          245.0            0.0
