Bus data: 39

Existing lines: 46
Bfr Bto Nc X Cap. Cost
       1       2       1         0.0411          600.0     0.0
       1      39       1          0.025         1000.0     0.0
       2       3       1         0.0151          500.0     0.0
       2      25       1         0.0086          500.0     0.0
       2      30       1         0.0181          900.0     0.0
       3       4       1         0.0213          500.0     0.0
       3      18       1         0.0133          500.0     0.0
       4       5       1         0.0128          600.0     0.0
       4      14       1         0.0129          500.0     0.0
       5       6       1         0.0026         1200.0     0.0
       5       8       1         0.0112          900.0     0.0
       6       7       1         0.0092          900.0     0.0
       6      11       1         0.0082          480.0     0.0
       6      31       1          0.025         1800.0     0.0
       7       8       1         0.0046          900.0     0.0
       8       9       1         0.0363          900.0     0.0
       9      39       1          0.025          900.0     0.0
      10      11       1         0.0043          600.0     0.0
      10      13       1         0.0043          600.0     0.0
      10      32       1           0.02          900.0     0.0
      12      11       1         0.0435          500.0     0.0
      12      13       1         0.0435          500.0     0.0
      13      14       1         0.0101          600.0     0.0
      14      15       1         0.0217          600.0     0.0
      15      16       1         0.0094          600.0     0.0
      16      17       1         0.0089          600.0     0.0
      16      19       1         0.0195          600.0     0.0
      16      21       1         0.0135          600.0     0.0
      16      24       1         0.0059          600.0     0.0
      17      18       1         0.0082          600.0     0.0
      17      27       1         0.0173          600.0     0.0
      19      20       1         0.0138          900.0     0.0
      19      33       1         0.0142          900.0     0.0
      20      34       1          0.018          900.0     0.0
      21      22       1          0.014          900.0     0.0
      22      23       1         0.0096          600.0     0.0
      22      35       1         0.0143          900.0     0.0
      23      24       1          0.035          600.0     0.0
      23      36       1         0.0272          900.0     0.0
      25      26       1         0.0323          600.0     0.0
      25      37       1         0.0232          900.0     0.0
      26      27       1         0.0147          600.0     0.0
      26      28       1         0.0474          600.0     0.0
      26      29       1         0.0625          600.0     0.0
      28      29       1         0.0151          600.0     0.0
      29      38       1         0.0156         1200.0     0.0

Candidate lines: 46
Bfr Bto Nc X Cap. Cost
       1       2       1         0.0411          600.0           4.11
       1      39       1          0.025         1000.0            2.5
       2       3       1         0.0151          500.0           1.51
       2      25       1         0.0086          500.0           0.86
       2      30       1         0.0181          900.0           1.81
       3       4       1         0.0213          500.0           2.13
       3      18       1         0.0133          500.0           1.33
       4       5       1         0.0128          600.0           1.28
       4      14       1         0.0129          500.0           1.29
       5       6       1         0.0026         1200.0           0.26
       5       8       1         0.0112          900.0           1.12
       6       7       1         0.0092          900.0           0.92
       6      11       1         0.0082          480.0           0.82
       6      31       1          0.025         1800.0            2.5
       7       8       1         0.0046          900.0           0.46
       8       9       1         0.0363          900.0           3.63
       9      39       1          0.025          900.0            2.5
      10      11       1         0.0043          600.0           0.43
      10      13       1         0.0043          600.0           0.43
      10      32       1           0.02          900.0            2.0
      12      11       1         0.0435          500.0           4.35
      12      13       1         0.0435          500.0           4.35
      13      14       1         0.0101          600.0           1.01
      14      15       1         0.0217          600.0           2.17
      15      16       1         0.0094          600.0           0.94
      16      17       1         0.0089          600.0           0.89
      16      19       1         0.0195          600.0           1.95
      16      21       1         0.0135          600.0           1.35
      16      24       1         0.0059          600.0           0.59
      17      18       1         0.0082          600.0           0.82
      17      27       1         0.0173          600.0           1.73
      19      20       1         0.0138          900.0           1.38
      19      33       1         0.0142          900.0           1.42
      20      34       1          0.018          900.0            1.8
      21      22       1          0.014          900.0            1.4
      22      23       1         0.0096          600.0           0.96
      22      35       1         0.0143          900.0           1.43
      23      24       1          0.035          600.0            3.5
      23      36       1         0.0272          900.0           2.72
      25      26       1         0.0323          600.0           3.23
      25      37       1         0.0232          900.0           2.32
      26      27       1         0.0147          600.0           1.47
      26      28       1         0.0474          600.0           4.74
      26      29       1         0.0625          600.0           6.25
      28      29       1         0.0151          600.0           1.51
      29      38       1         0.0156         1200.0           1.56

Generation and demand by bus: 29
Bus G1 D1
       1            0.0           97.6
       3            0.0          322.0
       4            0.0          500.0
       7            0.0          233.8
       8            0.0          522.0
       9            0.0            6.5
      12            0.0           8.53
      15            0.0          320.0
      16            0.0          329.0
      18            0.0          158.0
      20            0.0          680.0
      21            0.0          274.0
      23            0.0          247.5
      24            0.0          308.6
      25            0.0          224.0
      26            0.0          139.0
      27            0.0          281.0
      28            0.0          206.0
      29            0.0          283.5
      30          520.0            0.0
      31          323.0            9.2
      32          362.5            0.0
      33          326.0            0.0
      34          254.0            0.0
      35          343.5            0.0
      36          290.0            0.0
      37          282.0            0.0
      38          432.5            0.0
      39          550.0         1104.0
