Bus data: 179

Existing circuits: 263
Bfr Bto Nc X Cap. Cost
       2       3       1         0.0146         2196.0     0.0
       2       4       1         0.0173         1853.0     0.0
       3       8       1        0.01988         1606.0     0.0
       5       6       1        0.01238         2589.0     0.0
       5      11       1          0.015         2137.0     0.0
      17       5       1           0.11          291.0     0.0
       5     160       1         0.1369          234.0     0.0
       7       8       1          0.011         2914.0     0.0
       7       8       1          0.011         2914.0     0.0
       7      28       1        0.00408        5501.81     0.0
       8       9       1         0.0059         5432.0     0.0
       8      10       1         0.0138         2322.0     0.0
       8      10       1         0.0139         2306.0     0.0
       8      17       1         0.0053        2202.27     0.0
     163       8       1         0.0436          731.0     0.0
      12      13       1        0.00666         4813.0     0.0
      12      20       1        0.00634         5055.0     0.0
      12      22       1        0.01188         2698.0     0.0
      12     139       1         0.0211         1506.0     0.0
      21      14       1        0.00634         5055.0     0.0
      14      24       1        0.00826         3880.0     0.0
      14      26       1        0.01795         1786.0     0.0
      29      14       1        0.00612         5237.0     0.0
      16      15       1        0.00495         6474.0     0.0
      16      19       1         0.0096         3336.0     0.0
      16      19       1         0.0096         3336.0     0.0
      16     136       1        0.02967         1077.0     0.0
      16     136       1        0.02967         1077.0     0.0
      17      18       1          0.006         5342.0     0.0
      23      19       1        0.01188         2698.0     0.0
      25      19       1        0.00826         3880.0     0.0
      20      21       1        0.01804         1775.0     0.0
      22      23       1        0.05865          546.0     0.0
      24      25       1        0.04244          755.0     0.0
      26      27       1        0.04959          646.0     0.0
      27     139       1        0.01795         1786.0     0.0
      28      29       1        0.04189          765.0     0.0
      31      30       1         0.0015        21366.0     0.0
      31      32       1           0.07          458.0     0.0
      31      80       1         0.0239         1341.0     0.0
      32      33       1           0.01         3205.0     0.0
      33      34       1           0.02         855.66     0.0
      34      35       1          0.002        16025.0     0.0
      85      36       1         0.0046         6968.0     0.0
      37      38       1        0.01861         1721.0     0.0
      37      56       1        0.01668         1920.0     0.0
      37      64       1        0.00159        5755.18     0.0
      37      64       1        0.00159        5757.14     0.0
      38      48       1        0.00693         4624.0     0.0
      39      40       1         0.0238         1347.0     0.0
      39      46       1        0.03346         892.46     0.0
      39      48       1          0.038          841.0     0.0
      39      59       1        0.04677          684.0     0.0
      39      60       1        0.03422          832.1     0.0
      55      41       1        0.00723         754.41     0.0
      41      58       1        0.00536         822.58     0.0
      42      43       1        0.02535         1264.0     0.0
      50      42       1        0.03422         761.15     0.0
      50      42       1        0.03669          872.0     0.0
      57      42       1        0.03074         768.89     0.0
      42      58       1        0.04296          745.0     0.0
      44      45       1         0.0052         6164.0     0.0
      44     160       1         0.0245         1305.0     0.0
      44     160       1         0.0245         1305.0     0.0
      48      46       1        0.00434         841.15     0.0
      48      47       1        0.11473          280.0     0.0
      49      48       1        0.01386         2312.0     0.0
      48      55       1        0.01583         855.66     0.0
      48      55       1        0.01583         905.33     0.0
      48      59       1        0.00967         772.89     0.0
      48      59       1        0.00967         912.29     0.0
      48      59       1        0.00971         763.48     0.0
      48      59       1        0.00971         911.69     0.0
      48      60       1        0.00393         837.06     0.0
      48      60       1        0.00393         783.45     0.0
      48      60       1        0.00393         804.85     0.0
      48      62       1        0.01116         758.56     0.0
      48      62       1        0.01116         759.88     0.0
      64      49       1        0.01884         1700.0     0.0
      50      57       1        0.00366         880.09     0.0
      50      58       1        0.00586          835.5     0.0
      52      51       1        0.01491         2148.0     0.0
      53      51       1        0.01491         2148.0     0.0
      54      51       1         0.0133         2410.0     0.0
      54      51       1         0.0134         2392.0     0.0
      52      63       1        0.07905          402.0     0.0
      53      63       1        0.07905          402.0     0.0
      57      54       1        0.01025         765.61     0.0
      57      54       1        0.01025         898.03     0.0
      56      55       1        0.01386         2313.0     0.0
      56      55       1        0.01386         2313.0     0.0
      55      58       1        0.01244         856.67     0.0
      55      58       1        0.01244         852.17     0.0
      62      55       1        0.00979         868.54     0.0
      57      58       1        0.01189         908.69     0.0
      60      61       1        0.00115        27869.0     0.0
     137      61       1         0.0264         848.66     0.0
     150      61       1        0.01187         913.99     0.0
     150      61       1        0.01187         773.57     0.0
      64      63       1        0.02338         1371.0     0.0
     139      64       1        0.02524         1267.0     0.0
     139      64       1        0.02524         1267.0     0.0
     142      64       1         0.0041        5830.69     0.0
      66      65       1          0.005         6410.0     0.0
      78      66       1          0.074          434.0     0.0
      68      67       1         0.0299         1072.0     0.0
      69      68       1        0.01181         2714.0     0.0
      69      68       1        0.00735         4361.0     0.0
      68      70       1        0.01034         3100.0     0.0
      68      71       1        0.00131         828.29     0.0
      68      71       1        0.00116         776.56     0.0
      69      72       1         0.0003        5711.04     0.0
      69      72       1         0.0003         5829.8     0.0
      69      76       1        0.00451        5923.31     0.0
      69      76       1        0.00446        6169.99     0.0
      72      71       1        0.00221        14502.0     0.0
      75      73       1        0.01405         2263.0     0.0
      78      74       1        0.02069         1547.0     0.0
      75      76       1        0.03304          969.0     0.0
      75      78       1        0.02258         1417.0     0.0
      76      77       1        0.00375         8547.0     0.0
      78      76       1        0.02316         1382.0     0.0
      78      76       1           0.02         1603.0     0.0
      82      76       1        0.01412         2268.0     0.0
      82      76       1        0.02408         1330.0     0.0
      82      76       1        0.02409         1330.0     0.0
      80      78       1         0.0082         3908.0     0.0
      80      78       1         0.0082         3908.0     0.0
      80      79       1         0.0025        12820.0     0.0
      81      99       1        0.05356          598.0     0.0
      81     180       1        0.02667         1202.0     0.0
      82      87       1        0.00737         4342.0     0.0
      82      91       1        0.01266         2529.0     0.0
      82      95       1        0.01266         2529.0     0.0
      83      89       1        0.01382         2316.0     0.0
      94      83       1        0.01502         2131.0     0.0
      98      83       1        0.01413         2266.0     0.0
      83     168       1         0.0072         4452.0     0.0
      83     170       1        0.00864         3710.0     0.0
      83     172       1           0.01         3205.0     0.0
      84      85       1         0.0072         4452.0     0.0
      99      84       1        0.02667         1202.0     0.0
     156      85       1         0.0673          475.0     0.0
      88      86       1        0.01036         3089.0     0.0
      90      86       1        0.00238        5500.98     0.0
     180      86       1        0.02373         1349.0     0.0
      87      88       1        0.01263         2538.0     0.0
      89      90       1        0.00858         3736.0     0.0
      91      92       1        0.01263         2538.0     0.0
      92      93       1        0.01428         2242.0     0.0
      93      94       1        0.01263         2538.0     0.0
      95      96       1        0.01263         2538.0     0.0
      96      97       1        0.01428         2242.0     0.0
      97      98       1        0.01263         2538.0     0.0
     101     100       1        0.16938          188.0     0.0
     100     117       1        0.10101          314.0     0.0
     101     105       1        0.09268          343.0     0.0
     101     106       1        0.11381          279.0     0.0
     101     113       1        0.06678          474.0     0.0
     101     113       1         0.0654          484.0     0.0
     101     113       1        0.06642          476.0     0.0
     101     117       1        0.27403          116.0     0.0
     102     103       1         0.0098         3271.0     0.0
     104     102       1        0.01937         1654.0     0.0
     102     108       1        0.02087         1535.0     0.0
     102     108       1        0.02087         1535.0     0.0
     107     104       1        0.01985         1614.0     0.0
     134     104       1        0.03644          880.0     0.0
     104     135       1          0.016         2002.0     0.0
     105     117       1         0.2046          155.0     0.0
     106     117       1        0.16106          198.0     0.0
     107     108       1         0.0147         2169.0     0.0
     110     107       1        0.01297         2469.0     0.0
     109     108       1         0.0174         1842.0     0.0
     109     108       1         0.0119         2694.0     0.0
     133     108       1        0.01331         2408.0     0.0
     135     108       1        0.00998         3212.0     0.0
     108     174       1        0.00935         3428.0     0.0
     108     176       1        0.00944         3395.0     0.0
     108     178       1        0.00935         3428.0     0.0
     111     120       1           0.01         3205.0     0.0
     173     111       1           0.01         3205.0     0.0
     112     113       1        0.02281         1406.0     0.0
     113     114       1         0.0174         1842.0     0.0
     114     124       1        0.00998         3212.0     0.0
     114     126       1        0.00998         3212.0     0.0
     169     114       1         0.0072         4452.0     0.0
     171     114       1         0.0072         4452.0     0.0
     125     115       1        0.00666         4813.0     0.0
     127     115       1        0.00666         4813.0     0.0
     115     128       1         0.0112         2862.0     0.0
     115     130       1         0.0072         4452.0     0.0
     116     117       1        0.01815         1766.0     0.0
     117     119       1         0.0125         2564.0     0.0
     118     119       1        0.00448         7154.0     0.0
     123     119       1           0.01         3205.0     0.0
     129     119       1         0.0112         2862.0     0.0
     131     119       1         0.0036        5209.14     0.0
     119     132       1        0.00755         4245.0     0.0
     119     134       1        0.01098         2919.0     0.0
     120     121       1        0.01952         1641.0     0.0
     121     122       1           0.01         3205.0     0.0
     122     123       1        0.02119         1512.0     0.0
     124     125       1        0.02338         1369.0     0.0
     126     127       1        0.02338         1369.0     0.0
     128     129       1        0.03409          940.0     0.0
     130     131       1        0.02102         1524.0     0.0
     132     133       1        0.05719          561.0     0.0
     136     152       1        0.00905         3538.0     0.0
     137     143       1         0.0258         911.65     0.0
     137     150       1        0.07034          453.0     0.0
     138     139       1        0.01512         2120.0     0.0
     139     142       1        0.02779         1151.0     0.0
     147     139       1        0.01415         2264.0     0.0
     140     141       1        0.00365         8781.0     0.0
     141     143       1         0.0127         859.21     0.0
     142     145       1        0.00753         4254.0     0.0
     142     145       1         0.0075         4269.0     0.0
     142     147       1          0.031         1032.0     0.0
     142     151       1         0.0128         2502.0     0.0
     142     153       1        0.01125         2847.0     0.0
     142     153       1        0.01125         2847.0     0.0
     146     143       1        0.05399          594.0     0.0
     154     143       1         0.0395         754.67     0.0
     144     145       1        0.00516         6211.0     0.0
     145     146       1          0.005         6410.0     0.0
     145     151       1        0.00457        5370.29     0.0
     147     148       1         0.0098         3271.0     0.0
     149     150       1        0.01026         3124.0     0.0
     150     154       1        0.03649          876.0     0.0
     150     154       1        0.03399         873.01     0.0
     151     152       1         0.0093         3443.0     0.0
     153     154       1        0.01149         2790.0     0.0
     153     154       1        0.01149         2790.0     0.0
     153     154       1        0.01149         2790.0     0.0
     175     153       1        0.00935         3428.0     0.0
     177     153       1        0.00935         3428.0     0.0
     179     153       1         0.0084         3816.0     0.0
     156     155       1         0.0332          963.0     0.0
     155     158       1         0.0602          531.0     0.0
     155     158       1         0.0537          595.0     0.0
     155     160       1         0.0225         1421.0     0.0
     155     160       1         0.0238         1342.0     0.0
     155     165       1         0.0172         1859.0     0.0
     155     167       1         0.0106        2253.37     0.0
     156     157       1         0.0181         1771.0     0.0
     156     167       1         0.0226         1415.0     0.0
     157     161       1         0.0965          331.0     0.0
     158     159       1         0.0058         5523.0     0.0
     158     164       1         0.0878          363.0     0.0
     158     165       1         0.0392          815.0     0.0
     158     166       1         0.0374          854.0     0.0
     158     166       1         0.0372          858.0     0.0
     160     166       1          0.034          937.0     0.0
     160     166       1         0.0349          915.0     0.0
     161     162       1         0.0141         2272.0     0.0
     164     163       1         0.0195         1644.0     0.0
     168     169       1        0.02338         1370.0     0.0
     170     171       1         0.0247         1297.0     0.0
     172     173       1         0.0323          992.0     0.0
     174     175       1        0.02659         1204.0     0.0
     176     177       1        0.02662         1203.0     0.0
     178     179       1        0.02517         1273.0     0.0

Candidate circuits: 263
Bfr Bto Nc X Cap. Cost
       2       3       1         0.0146         2196.0           1.46
       2       4       1         0.0173         1853.0           1.73
       3       8       1        0.01988         1606.0          1.988
       5       6       1        0.01238         2589.0          1.238
       5      11       1          0.015         2137.0            1.5
      17       5       1           0.11          291.0           11.0
       5     160       1         0.1369          234.0          13.69
       7       8       1          0.011         2914.0            1.1
       7       8       1          0.011         2914.0            1.1
       7      28       1        0.00408        5501.81          0.408
       8       9       1         0.0059         5432.0           0.59
       8      10       1         0.0138         2322.0           1.38
       8      10       1         0.0139         2306.0           1.39
       8      17       1         0.0053        2202.27           0.53
     163       8       1         0.0436          731.0           4.36
      12      13       1        0.00666         4813.0          0.666
      12      20       1        0.00634         5055.0          0.634
      12      22       1        0.01188         2698.0          1.188
      12     139       1         0.0211         1506.0           2.11
      21      14       1        0.00634         5055.0          0.634
      14      24       1        0.00826         3880.0          0.826
      14      26       1        0.01795         1786.0          1.795
      29      14       1        0.00612         5237.0          0.612
      16      15       1        0.00495         6474.0          0.495
      16      19       1         0.0096         3336.0           0.96
      16      19       1         0.0096         3336.0           0.96
      16     136       1        0.02967         1077.0          2.967
      16     136       1        0.02967         1077.0          2.967
      17      18       1          0.006         5342.0            0.6
      23      19       1        0.01188         2698.0          1.188
      25      19       1        0.00826         3880.0          0.826
      20      21       1        0.01804         1775.0          1.804
      22      23       1        0.05865          546.0          5.865
      24      25       1        0.04244          755.0          4.244
      26      27       1        0.04959          646.0          4.959
      27     139       1        0.01795         1786.0          1.795
      28      29       1        0.04189          765.0          4.189
      31      30       1         0.0015        21366.0           0.15
      31      32       1           0.07          458.0            7.0
      31      80       1         0.0239         1341.0           2.39
      32      33       1           0.01         3205.0            1.0
      33      34       1           0.02         855.66            2.0
      34      35       1          0.002        16025.0            0.2
      85      36       1         0.0046         6968.0           0.46
      37      38       1        0.01861         1721.0          1.861
      37      56       1        0.01668         1920.0          1.668
      37      64       1        0.00159        5755.18          0.159
      37      64       1        0.00159        5757.14          0.159
      38      48       1        0.00693         4624.0          0.693
      39      40       1         0.0238         1347.0           2.38
      39      46       1        0.03346         892.46          3.346
      39      48       1          0.038          841.0            3.8
      39      59       1        0.04677          684.0          4.677
      39      60       1        0.03422          832.1          3.422
      55      41       1        0.00723         754.41          0.723
      41      58       1        0.00536         822.58          0.536
      42      43       1        0.02535         1264.0          2.535
      50      42       1        0.03422         761.15          3.422
      50      42       1        0.03669          872.0          3.669
      57      42       1        0.03074         768.89          3.074
      42      58       1        0.04296          745.0          4.296
      44      45       1         0.0052         6164.0           0.52
      44     160       1         0.0245         1305.0           2.45
      44     160       1         0.0245         1305.0           2.45
      48      46       1        0.00434         841.15          0.434
      48      47       1        0.11473          280.0         11.473
      49      48       1        0.01386         2312.0          1.386
      48      55       1        0.01583         855.66          1.583
      48      55       1        0.01583         905.33          1.583
      48      59       1        0.00967         772.89          0.967
      48      59       1        0.00967         912.29          0.967
      48      59       1        0.00971         763.48          0.971
      48      59       1        0.00971         911.69          0.971
      48      60       1        0.00393         837.06          0.393
      48      60       1        0.00393         783.45          0.393
      48      60       1        0.00393         804.85          0.393
      48      62       1        0.01116         758.56          1.116
      48      62       1        0.01116         759.88          1.116
      64      49       1        0.01884         1700.0          1.884
      50      57       1        0.00366         880.09          0.366
      50      58       1        0.00586          835.5          0.586
      52      51       1        0.01491         2148.0          1.491
      53      51       1        0.01491         2148.0          1.491
      54      51       1         0.0133         2410.0           1.33
      54      51       1         0.0134         2392.0           1.34
      52      63       1        0.07905          402.0          7.905
      53      63       1        0.07905          402.0          7.905
      57      54       1        0.01025         765.61          1.025
      57      54       1        0.01025         898.03          1.025
      56      55       1        0.01386         2313.0          1.386
      56      55       1        0.01386         2313.0          1.386
      55      58       1        0.01244         856.67          1.244
      55      58       1        0.01244         852.17          1.244
      62      55       1        0.00979         868.54          0.979
      57      58       1        0.01189         908.69          1.189
      60      61       1        0.00115        27869.0          0.115
     137      61       1         0.0264         848.66           2.64
     150      61       1        0.01187         913.99          1.187
     150      61       1        0.01187         773.57          1.187
      64      63       1        0.02338         1371.0          2.338
     139      64       1        0.02524         1267.0          2.524
     139      64       1        0.02524         1267.0          2.524
     142      64       1         0.0041        5830.69           0.41
      66      65       1          0.005         6410.0            0.5
      78      66       1          0.074          434.0            7.4
      68      67       1         0.0299         1072.0           2.99
      69      68       1        0.01181         2714.0          1.181
      69      68       1        0.00735         4361.0          0.735
      68      70       1        0.01034         3100.0          1.034
      68      71       1        0.00131         828.29          0.131
      68      71       1        0.00116         776.56          0.116
      69      72       1         0.0003        5711.04           0.03
      69      72       1         0.0003         5829.8           0.03
      69      76       1        0.00451        5923.31          0.451
      69      76       1        0.00446        6169.99          0.446
      72      71       1        0.00221        14502.0          0.221
      75      73       1        0.01405         2263.0          1.405
      78      74       1        0.02069         1547.0          2.069
      75      76       1        0.03304          969.0          3.304
      75      78       1        0.02258         1417.0          2.258
      76      77       1        0.00375         8547.0          0.375
      78      76       1        0.02316         1382.0          2.316
      78      76       1           0.02         1603.0            2.0
      82      76       1        0.01412         2268.0          1.412
      82      76       1        0.02408         1330.0          2.408
      82      76       1        0.02409         1330.0          2.409
      80      78       1         0.0082         3908.0           0.82
      80      78       1         0.0082         3908.0           0.82
      80      79       1         0.0025        12820.0           0.25
      81      99       1        0.05356          598.0          5.356
      81     180       1        0.02667         1202.0          2.667
      82      87       1        0.00737         4342.0          0.737
      82      91       1        0.01266         2529.0          1.266
      82      95       1        0.01266         2529.0          1.266
      83      89       1        0.01382         2316.0          1.382
      94      83       1        0.01502         2131.0          1.502
      98      83       1        0.01413         2266.0          1.413
      83     168       1         0.0072         4452.0           0.72
      83     170       1        0.00864         3710.0          0.864
      83     172       1           0.01         3205.0            1.0
      84      85       1         0.0072         4452.0           0.72
      99      84       1        0.02667         1202.0          2.667
     156      85       1         0.0673          475.0           6.73
      88      86       1        0.01036         3089.0          1.036
      90      86       1        0.00238        5500.98          0.238
     180      86       1        0.02373         1349.0          2.373
      87      88       1        0.01263         2538.0          1.263
      89      90       1        0.00858         3736.0          0.858
      91      92       1        0.01263         2538.0          1.263
      92      93       1        0.01428         2242.0          1.428
      93      94       1        0.01263         2538.0          1.263
      95      96       1        0.01263         2538.0          1.263
      96      97       1        0.01428         2242.0          1.428
      97      98       1        0.01263         2538.0          1.263
     101     100       1        0.16938          188.0         16.938
     100     117       1        0.10101          314.0         10.101
     101     105       1        0.09268          343.0          9.268
     101     106       1        0.11381          279.0         11.381
     101     113       1        0.06678          474.0          6.678
     101     113       1         0.0654          484.0           6.54
     101     113       1        0.06642          476.0          6.642
     101     117       1        0.27403          116.0         27.403
     102     103       1         0.0098         3271.0           0.98
     104     102       1        0.01937         1654.0          1.937
     102     108       1        0.02087         1535.0          2.087
     102     108       1        0.02087         1535.0          2.087
     107     104       1        0.01985         1614.0          1.985
     134     104       1        0.03644          880.0          3.644
     104     135       1          0.016         2002.0            1.6
     105     117       1         0.2046          155.0          20.46
     106     117       1        0.16106          198.0         16.106
     107     108       1         0.0147         2169.0           1.47
     110     107       1        0.01297         2469.0          1.297
     109     108       1         0.0174         1842.0           1.74
     109     108       1         0.0119         2694.0           1.19
     133     108       1        0.01331         2408.0          1.331
     135     108       1        0.00998         3212.0          0.998
     108     174       1        0.00935         3428.0          0.935
     108     176       1        0.00944         3395.0          0.944
     108     178       1        0.00935         3428.0          0.935
     111     120       1           0.01         3205.0            1.0
     173     111       1           0.01         3205.0            1.0
     112     113       1        0.02281         1406.0          2.281
     113     114       1         0.0174         1842.0           1.74
     114     124       1        0.00998         3212.0          0.998
     114     126       1        0.00998         3212.0          0.998
     169     114       1         0.0072         4452.0           0.72
     171     114       1         0.0072         4452.0           0.72
     125     115       1        0.00666         4813.0          0.666
     127     115       1        0.00666         4813.0          0.666
     115     128       1         0.0112         2862.0           1.12
     115     130       1         0.0072         4452.0           0.72
     116     117       1        0.01815         1766.0          1.815
     117     119       1         0.0125         2564.0           1.25
     118     119       1        0.00448         7154.0          0.448
     123     119       1           0.01         3205.0            1.0
     129     119       1         0.0112         2862.0           1.12
     131     119       1         0.0036        5209.14           0.36
     119     132       1        0.00755         4245.0          0.755
     119     134       1        0.01098         2919.0          1.098
     120     121       1        0.01952         1641.0          1.952
     121     122       1           0.01         3205.0            1.0
     122     123       1        0.02119         1512.0          2.119
     124     125       1        0.02338         1369.0          2.338
     126     127       1        0.02338         1369.0          2.338
     128     129       1        0.03409          940.0          3.409
     130     131       1        0.02102         1524.0          2.102
     132     133       1        0.05719          561.0          5.719
     136     152       1        0.00905         3538.0          0.905
     137     143       1         0.0258         911.65           2.58
     137     150       1        0.07034          453.0          7.034
     138     139       1        0.01512         2120.0          1.512
     139     142       1        0.02779         1151.0          2.779
     147     139       1        0.01415         2264.0          1.415
     140     141       1        0.00365         8781.0          0.365
     141     143       1         0.0127         859.21           1.27
     142     145       1        0.00753         4254.0          0.753
     142     145       1         0.0075         4269.0           0.75
     142     147       1          0.031         1032.0            3.1
     142     151       1         0.0128         2502.0           1.28
     142     153       1        0.01125         2847.0          1.125
     142     153       1        0.01125         2847.0          1.125
     146     143       1        0.05399          594.0          5.399
     154     143       1         0.0395         754.67           3.95
     144     145       1        0.00516         6211.0          0.516
     145     146       1          0.005         6410.0            0.5
     145     151       1        0.00457        5370.29          0.457
     147     148       1         0.0098         3271.0           0.98
     149     150       1        0.01026         3124.0          1.026
     150     154       1        0.03649          876.0          3.649
     150     154       1        0.03399         873.01          3.399
     151     152       1         0.0093         3443.0           0.93
     153     154       1        0.01149         2790.0          1.149
     153     154       1        0.01149         2790.0          1.149
     153     154       1        0.01149         2790.0          1.149
     175     153       1        0.00935         3428.0          0.935
     177     153       1        0.00935         3428.0          0.935
     179     153       1         0.0084         3816.0           0.84
     156     155       1         0.0332          963.0           3.32
     155     158       1         0.0602          531.0           6.02
     155     158       1         0.0537          595.0           5.37
     155     160       1         0.0225         1421.0           2.25
     155     160       1         0.0238         1342.0           2.38
     155     165       1         0.0172         1859.0           1.72
     155     167       1         0.0106        2253.37           1.06
     156     157       1         0.0181         1771.0           1.81
     156     167       1         0.0226         1415.0           2.26
     157     161       1         0.0965          331.0           9.65
     158     159       1         0.0058         5523.0           0.58
     158     164       1         0.0878          363.0           8.78
     158     165       1         0.0392          815.0           3.92
     158     166       1         0.0374          854.0           3.74
     158     166       1         0.0372          858.0           3.72
     160     166       1          0.034          937.0            3.4
     160     166       1         0.0349          915.0           3.49
     161     162       1         0.0141         2272.0           1.41
     164     163       1         0.0195         1644.0           1.95
     168     169       1        0.02338         1370.0          2.338
     170     171       1         0.0247         1297.0           2.47
     172     173       1         0.0323          992.0           3.23
     174     175       1        0.02659         1204.0          2.659
     176     177       1        0.02662         1203.0          2.662
     178     179       1        0.02517         1273.0          2.517

Demand and Generation by bus: 179
Bus G1 D1
       2            0.0         926.77
       3            0.0            0.0
       4        994.085          46.71
       5            0.0        1271.04
       6        1084.63          48.57
       7            0.0            0.0
       8            0.0         113.45
       9         2652.8           50.0
      10            0.0          67.39
      11        2402.61          47.87
      12            0.0          41.43
      13       1929.025          48.55
      14            0.0            0.0
      15       3479.425          46.55
      16            0.0         434.68
      17            0.0         459.25
      18        1305.43          51.79
      19            0.0         327.45
      20            0.0            0.0
      21            0.0            0.0
      22            0.0            0.0
      23            0.0            0.0
      24            0.0            0.0
      25            0.0            0.0
      26            0.0            0.0
      27            0.0            0.0
      28            0.0            0.0
      29            0.0            0.0
      30       6392.915           49.3
      31            0.0        2376.39
      32            0.0            0.0
      33            0.0            0.0
      34            0.0        1692.19
      35        5083.72          45.09
      36       2254.335          51.16
      37            0.0        -843.68
      38            0.0            0.0
      39            0.0            0.0
      40        191.725          51.45
      41            0.0          69.79
      42            0.0            0.0
      43        400.445          49.01
      44            0.0        1098.25
      45       2010.625          52.83
      46            0.0         -35.89
      47         152.35          53.25
      48            0.0          55.04
      49            0.0            0.0
      50            0.0         172.41
      51            0.0         115.98
      52            0.0            0.0
      53            0.0            0.0
      54            0.0           74.1
      55            0.0         427.39
      56            0.0            0.0
      57            0.0          62.17
      58            0.0          59.47
      59            0.0         480.82
      60            0.0       -1459.73
      61            0.0         185.63
      62            0.0          96.01
      63            0.0         -69.23
      64            0.0            0.0
      65       2932.815          46.97
      66            0.0         774.37
      67            0.0           78.5
      68            0.0         -35.37
      69            0.0         -23.29
      70       1239.795          51.91
      71            0.0        1486.08
      72            0.0            0.0
      73            0.0        -781.91
      74            0.0            0.0
      75            0.0        1223.08
      76            0.0        1617.77
      77       7403.065          54.24
      78            0.0        1780.83
      79      10354.215          53.91
      80            0.0        2289.75
      81            0.0            0.0
      82            0.0         -30.36
      83            0.0        -185.65
      84            0.0            0.0
      85            0.0         307.42
      86            0.0            0.0
      87            0.0            0.0
      88            0.0            0.0
      89            0.0            0.0
      90            0.0            0.0
      91            0.0            0.0
      92            0.0            0.0
      93            0.0            0.0
      94            0.0            0.0
      95            0.0            0.0
      96            0.0            0.0
      97            0.0            0.0
      98            0.0            0.0
      99            0.0            0.0
     100            0.0         -19.81
     101            0.0         107.66
     102            0.0          23.75
     103        737.535          54.62
     104            0.0          167.6
     105            0.0          14.28
     106            0.0           3.78
     107            0.0         131.26
     108            0.0          28.61
     109            0.0         427.13
     110            0.0          19.35
     111            0.0          -99.3
     112       1328.115          54.11
     113            0.0          75.99
     114            0.0            0.0
     115            0.0          -0.38
     116        805.425          51.07
     117            0.0         438.16
     118        4482.46          54.76
     119            0.0        2650.16
     120            0.0            0.0
     121            0.0            0.0
     122            0.0            0.0
     123            0.0            0.0
     124            0.0            0.0
     125            0.0            0.0
     126            0.0            0.0
     127            0.0            0.0
     128            0.0            0.0
     129            0.0            0.0
     130            0.0            0.0
     131            0.0            0.0
     132            0.0            0.0
     133            0.0            0.0
     134            0.0            0.0
     135            0.0            0.0
     136            0.0         414.72
     137            0.0          95.26
     138        1178.09          46.32
     139            0.0         471.17
     140       3469.755          48.52
     141            0.0        1730.28
     142            0.0         107.93
     143            0.0         174.36
     144       1866.725          45.88
     145            0.0        1540.95
     146            0.0            0.0
     147            0.0            0.0
     148       2041.235          53.68
     149        2590.31          49.94
     150            0.0        1578.86
     151            0.0         559.23
     152            0.0         191.17
     153            0.0            0.0
     154            0.0         511.38
     155            0.0         210.22
     156            0.0          16.91
     157            0.0          79.39
     158            0.0          53.01
     159       2214.085           53.7
     160            0.0         -29.29
     161            0.0         137.66
     162        501.625          47.79
     163            0.0            0.0
     164            0.0          15.05
     165            0.0          73.31
     166            0.0         171.78
     167            0.0          95.68
     168            0.0            0.0
     169            0.0            0.0
     170            0.0            0.0
     171            0.0            0.0
     172            0.0            0.0
     173            0.0            0.0
     174            0.0            0.0
     175            0.0            0.0
     176            0.0            0.0
     177            0.0            0.0
     178            0.0            0.0
     179            0.0            0.0
     180            0.0            0.0
