Bus data: 179

Existing lines: 263
Bfr Bto Nc X Cap. Cost
       1       2       1         0.0146         2196.0     0.0
       1       3       1         0.0173         1853.0     0.0
       2       4       1        0.01988         1606.0     0.0
       5       6       1        0.01238         2589.0     0.0
       5       7       1          0.015         2137.0     0.0
       8       5       1           0.11          291.0     0.0
       5       9       1         0.1369          234.0     0.0
      10       4       1          0.011         2914.0     0.0
      10       4       1          0.011         2914.0     0.0
      10      11       1        0.00408        5501.81     0.0
       4      12       1         0.0059         5432.0     0.0
       4      13       1         0.0138         2322.0     0.0
       4      13       1         0.0139         2306.0     0.0
       4       8       1         0.0053        2202.27     0.0
      14       4       1         0.0436          731.0     0.0
      15      16       1        0.00666         4813.0     0.0
      15      17       1        0.00634         5055.0     0.0
      15      18       1        0.01188         2698.0     0.0
      15      19       1         0.0211         1506.0     0.0
      20      21       1        0.00634         5055.0     0.0
      21      22       1        0.00826         3880.0     0.0
      21      23       1        0.01795         1786.0     0.0
      24      21       1        0.00612         5237.0     0.0
      25      26       1        0.00495         6474.0     0.0
      25      27       1         0.0096         3336.0     0.0
      25      27       1         0.0096         3336.0     0.0
      25      28       1        0.02967         1077.0     0.0
      25      28       1        0.02967         1077.0     0.0
       8      29       1          0.006         5342.0     0.0
      30      27       1        0.01188         2698.0     0.0
      31      27       1        0.00826         3880.0     0.0
      17      20       1        0.01804         1775.0     0.0
      18      30       1        0.05865          546.0     0.0
      22      31       1        0.04244          755.0     0.0
      23      32       1        0.04959          646.0     0.0
      32      19       1        0.01795         1786.0     0.0
      11      24       1        0.04189          765.0     0.0
      33      34       1         0.0015        21366.0     0.0
      33      35       1           0.07          458.0     0.0
      33      36       1         0.0239         1341.0     0.0
      35      37       1           0.01         3205.0     0.0
      37      38       1           0.02         855.66     0.0
      38      39       1          0.002        16025.0     0.0
      40      41       1         0.0046         6968.0     0.0
      42      43       1        0.01861         1721.0     0.0
      42      44       1        0.01668         1920.0     0.0
      42      45       1        0.00159        5755.18     0.0
      42      45       1        0.00159        5757.14     0.0
      43      46       1        0.00693         4624.0     0.0
      47      48       1         0.0238         1347.0     0.0
      47      49       1        0.03346         892.46     0.0
      47      46       1          0.038          841.0     0.0
      47      50       1        0.04677          684.0     0.0
      47      51       1        0.03422          832.1     0.0
      52      53       1        0.00723         754.41     0.0
      53      54       1        0.00536         822.58     0.0
      55      56       1        0.02535         1264.0     0.0
      57      55       1        0.03422         761.15     0.0
      57      55       1        0.03669          872.0     0.0
      58      55       1        0.03074         768.89     0.0
      55      54       1        0.04296          745.0     0.0
      59      60       1         0.0052         6164.0     0.0
      59       9       1         0.0245         1305.0     0.0
      59       9       1         0.0245         1305.0     0.0
      46      49       1        0.00434         841.15     0.0
      46      61       1        0.11473          280.0     0.0
      62      46       1        0.01386         2312.0     0.0
      46      52       1        0.01583         855.66     0.0
      46      52       1        0.01583         905.33     0.0
      46      50       1        0.00967         772.89     0.0
      46      50       1        0.00967         912.29     0.0
      46      50       1        0.00971         763.48     0.0
      46      50       1        0.00971         911.69     0.0
      46      51       1        0.00393         837.06     0.0
      46      51       1        0.00393         783.45     0.0
      46      51       1        0.00393         804.85     0.0
      46      63       1        0.01116         758.56     0.0
      46      63       1        0.01116         759.88     0.0
      45      62       1        0.01884         1700.0     0.0
      57      58       1        0.00366         880.09     0.0
      57      54       1        0.00586          835.5     0.0
      64      65       1        0.01491         2148.0     0.0
      66      65       1        0.01491         2148.0     0.0
      67      65       1         0.0133         2410.0     0.0
      67      65       1         0.0134         2392.0     0.0
      64      68       1        0.07905          402.0     0.0
      66      68       1        0.07905          402.0     0.0
      58      67       1        0.01025         765.61     0.0
      58      67       1        0.01025         898.03     0.0
      44      52       1        0.01386         2313.0     0.0
      44      52       1        0.01386         2313.0     0.0
      52      54       1        0.01244         856.67     0.0
      52      54       1        0.01244         852.17     0.0
      63      52       1        0.00979         868.54     0.0
      58      54       1        0.01189         908.69     0.0
      51      69       1        0.00115        27869.0     0.0
      70      69       1         0.0264         848.66     0.0
      71      69       1        0.01187         913.99     0.0
      71      69       1        0.01187         773.57     0.0
      45      68       1        0.02338         1371.0     0.0
      19      45       1        0.02524         1267.0     0.0
      19      45       1        0.02524         1267.0     0.0
      72      45       1         0.0041        5830.69     0.0
      73      74       1          0.005         6410.0     0.0
      75      73       1          0.074          434.0     0.0
      76      77       1         0.0299         1072.0     0.0
      78      76       1        0.01181         2714.0     0.0
      78      76       1        0.00735         4361.0     0.0
      76      79       1        0.01034         3100.0     0.0
      76      80       1        0.00131         828.29     0.0
      76      80       1        0.00116         776.56     0.0
      78      81       1         0.0003        5711.04     0.0
      78      81       1         0.0003         5829.8     0.0
      78      82       1        0.00451        5923.31     0.0
      78      82       1        0.00446        6169.99     0.0
      81      80       1        0.00221        14502.0     0.0
      83      84       1        0.01405         2263.0     0.0
      75      85       1        0.02069         1547.0     0.0
      83      82       1        0.03304          969.0     0.0
      83      75       1        0.02258         1417.0     0.0
      82      86       1        0.00375         8547.0     0.0
      75      82       1        0.02316         1382.0     0.0
      75      82       1           0.02         1603.0     0.0
      87      82       1        0.01412         2268.0     0.0
      87      82       1        0.02408         1330.0     0.0
      87      82       1        0.02409         1330.0     0.0
      36      75       1         0.0082         3908.0     0.0
      36      75       1         0.0082         3908.0     0.0
      36      88       1         0.0025        12820.0     0.0
      89      90       1        0.05356          598.0     0.0
      89      91       1        0.02667         1202.0     0.0
      87      92       1        0.00737         4342.0     0.0
      87      93       1        0.01266         2529.0     0.0
      87      94       1        0.01266         2529.0     0.0
      95      96       1        0.01382         2316.0     0.0
      97      95       1        0.01502         2131.0     0.0
      98      95       1        0.01413         2266.0     0.0
      95      99       1         0.0072         4452.0     0.0
      95     100       1        0.00864         3710.0     0.0
      95     101       1           0.01         3205.0     0.0
     102      40       1         0.0072         4452.0     0.0
      90     102       1        0.02667         1202.0     0.0
     103      40       1         0.0673          475.0     0.0
     104     105       1        0.01036         3089.0     0.0
     106     105       1        0.00238        5500.98     0.0
      91     105       1        0.02373         1349.0     0.0
      92     104       1        0.01263         2538.0     0.0
      96     106       1        0.00858         3736.0     0.0
      93     107       1        0.01263         2538.0     0.0
     107     108       1        0.01428         2242.0     0.0
     108      97       1        0.01263         2538.0     0.0
      94     109       1        0.01263         2538.0     0.0
     109     110       1        0.01428         2242.0     0.0
     110      98       1        0.01263         2538.0     0.0
     111     112       1        0.16938          188.0     0.0
     112     113       1        0.10101          314.0     0.0
     111     114       1        0.09268          343.0     0.0
     111     115       1        0.11381          279.0     0.0
     111     116       1        0.06678          474.0     0.0
     111     116       1         0.0654          484.0     0.0
     111     116       1        0.06642          476.0     0.0
     111     113       1        0.27403          116.0     0.0
     117     118       1         0.0098         3271.0     0.0
     119     117       1        0.01937         1654.0     0.0
     117     120       1        0.02087         1535.0     0.0
     117     120       1        0.02087         1535.0     0.0
     121     119       1        0.01985         1614.0     0.0
     122     119       1        0.03644          880.0     0.0
     119     123       1          0.016         2002.0     0.0
     114     113       1         0.2046          155.0     0.0
     115     113       1        0.16106          198.0     0.0
     121     120       1         0.0147         2169.0     0.0
     124     121       1        0.01297         2469.0     0.0
     125     120       1         0.0174         1842.0     0.0
     125     120       1         0.0119         2694.0     0.0
     126     120       1        0.01331         2408.0     0.0
     123     120       1        0.00998         3212.0     0.0
     120     127       1        0.00935         3428.0     0.0
     120     128       1        0.00944         3395.0     0.0
     120     129       1        0.00935         3428.0     0.0
     130     131       1           0.01         3205.0     0.0
     132     130       1           0.01         3205.0     0.0
     133     116       1        0.02281         1406.0     0.0
     116     134       1         0.0174         1842.0     0.0
     134     135       1        0.00998         3212.0     0.0
     134     136       1        0.00998         3212.0     0.0
     137     134       1         0.0072         4452.0     0.0
     138     134       1         0.0072         4452.0     0.0
     139     140       1        0.00666         4813.0     0.0
     141     140       1        0.00666         4813.0     0.0
     140     142       1         0.0112         2862.0     0.0
     140     143       1         0.0072         4452.0     0.0
     144     113       1        0.01815         1766.0     0.0
     113     145       1         0.0125         2564.0     0.0
     146     145       1        0.00448         7154.0     0.0
     147     145       1           0.01         3205.0     0.0
     148     145       1         0.0112         2862.0     0.0
     149     145       1         0.0036        5209.14     0.0
     145     150       1        0.00755         4245.0     0.0
     145     122       1        0.01098         2919.0     0.0
     131     151       1        0.01952         1641.0     0.0
     151     152       1           0.01         3205.0     0.0
     152     147       1        0.02119         1512.0     0.0
     135     139       1        0.02338         1369.0     0.0
     136     141       1        0.02338         1369.0     0.0
     142     148       1        0.03409          940.0     0.0
     143     149       1        0.02102         1524.0     0.0
     150     126       1        0.05719          561.0     0.0
      28     153       1        0.00905         3538.0     0.0
      70     154       1         0.0258         911.65     0.0
      70      71       1        0.07034          453.0     0.0
     155      19       1        0.01512         2120.0     0.0
      19      72       1        0.02779         1151.0     0.0
     156      19       1        0.01415         2264.0     0.0
     157     158       1        0.00365         8781.0     0.0
     158     154       1         0.0127         859.21     0.0
      72     159       1        0.00753         4254.0     0.0
      72     159       1         0.0075         4269.0     0.0
      72     156       1          0.031         1032.0     0.0
      72     160       1         0.0128         2502.0     0.0
      72     161       1        0.01125         2847.0     0.0
      72     161       1        0.01125         2847.0     0.0
     162     154       1        0.05399          594.0     0.0
     163     154       1         0.0395         754.67     0.0
     164     159       1        0.00516         6211.0     0.0
     159     162       1          0.005         6410.0     0.0
     159     160       1        0.00457        5370.29     0.0
     156     165       1         0.0098         3271.0     0.0
     166      71       1        0.01026         3124.0     0.0
      71     163       1        0.03649          876.0     0.0
      71     163       1        0.03399         873.01     0.0
     160     153       1         0.0093         3443.0     0.0
     161     163       1        0.01149         2790.0     0.0
     161     163       1        0.01149         2790.0     0.0
     161     163       1        0.01149         2790.0     0.0
     167     161       1        0.00935         3428.0     0.0
     168     161       1        0.00935         3428.0     0.0
     169     161       1         0.0084         3816.0     0.0
     103     170       1         0.0332          963.0     0.0
     170     171       1         0.0602          531.0     0.0
     170     171       1         0.0537          595.0     0.0
     170       9       1         0.0225         1421.0     0.0
     170       9       1         0.0238         1342.0     0.0
     170     172       1         0.0172         1859.0     0.0
     170     173       1         0.0106        2253.37     0.0
     103     174       1         0.0181         1771.0     0.0
     103     173       1         0.0226         1415.0     0.0
     174     175       1         0.0965          331.0     0.0
     171     176       1         0.0058         5523.0     0.0
     171     177       1         0.0878          363.0     0.0
     171     172       1         0.0392          815.0     0.0
     171     178       1         0.0374          854.0     0.0
     171     178       1         0.0372          858.0     0.0
       9     178       1          0.034          937.0     0.0
       9     178       1         0.0349          915.0     0.0
     175     179       1         0.0141         2272.0     0.0
     177      14       1         0.0195         1644.0     0.0
      99     137       1        0.02338         1370.0     0.0
     100     138       1         0.0247         1297.0     0.0
     101     132       1         0.0323          992.0     0.0
     127     167       1        0.02659         1204.0     0.0
     128     168       1        0.02662         1203.0     0.0
     129     169       1        0.02517         1273.0     0.0

Candidate lines: 263
Bfr Bto Nc X Cap. Cost
       1       2       1         0.0146         2196.0           1.46
       1       3       1         0.0173         1853.0           1.73
       2       4       1        0.01988         1606.0          1.988
       5       6       1        0.01238         2589.0          1.238
       5       7       1          0.015         2137.0            1.5
       8       5       1           0.11          291.0           11.0
       5       9       1         0.1369          234.0          13.69
      10       4       1          0.011         2914.0            1.1
      10       4       1          0.011         2914.0            1.1
      10      11       1        0.00408        5501.81          0.408
       4      12       1         0.0059         5432.0           0.59
       4      13       1         0.0138         2322.0           1.38
       4      13       1         0.0139         2306.0           1.39
       4       8       1         0.0053        2202.27           0.53
      14       4       1         0.0436          731.0           4.36
      15      16       1        0.00666         4813.0          0.666
      15      17       1        0.00634         5055.0          0.634
      15      18       1        0.01188         2698.0          1.188
      15      19       1         0.0211         1506.0           2.11
      20      21       1        0.00634         5055.0          0.634
      21      22       1        0.00826         3880.0          0.826
      21      23       1        0.01795         1786.0          1.795
      24      21       1        0.00612         5237.0          0.612
      25      26       1        0.00495         6474.0          0.495
      25      27       1         0.0096         3336.0           0.96
      25      27       1         0.0096         3336.0           0.96
      25      28       1        0.02967         1077.0          2.967
      25      28       1        0.02967         1077.0          2.967
       8      29       1          0.006         5342.0            0.6
      30      27       1        0.01188         2698.0          1.188
      31      27       1        0.00826         3880.0          0.826
      17      20       1        0.01804         1775.0          1.804
      18      30       1        0.05865          546.0          5.865
      22      31       1        0.04244          755.0          4.244
      23      32       1        0.04959          646.0          4.959
      32      19       1        0.01795         1786.0          1.795
      11      24       1        0.04189          765.0          4.189
      33      34       1         0.0015        21366.0           0.15
      33      35       1           0.07          458.0            7.0
      33      36       1         0.0239         1341.0           2.39
      35      37       1           0.01         3205.0            1.0
      37      38       1           0.02         855.66            2.0
      38      39       1          0.002        16025.0            0.2
      40      41       1         0.0046         6968.0           0.46
      42      43       1        0.01861         1721.0          1.861
      42      44       1        0.01668         1920.0          1.668
      42      45       1        0.00159        5755.18          0.159
      42      45       1        0.00159        5757.14          0.159
      43      46       1        0.00693         4624.0          0.693
      47      48       1         0.0238         1347.0           2.38
      47      49       1        0.03346         892.46          3.346
      47      46       1          0.038          841.0            3.8
      47      50       1        0.04677          684.0          4.677
      47      51       1        0.03422          832.1          3.422
      52      53       1        0.00723         754.41          0.723
      53      54       1        0.00536         822.58          0.536
      55      56       1        0.02535         1264.0          2.535
      57      55       1        0.03422         761.15          3.422
      57      55       1        0.03669          872.0          3.669
      58      55       1        0.03074         768.89          3.074
      55      54       1        0.04296          745.0          4.296
      59      60       1         0.0052         6164.0           0.52
      59       9       1         0.0245         1305.0           2.45
      59       9       1         0.0245         1305.0           2.45
      46      49       1        0.00434         841.15          0.434
      46      61       1        0.11473          280.0         11.473
      62      46       1        0.01386         2312.0          1.386
      46      52       1        0.01583         855.66          1.583
      46      52       1        0.01583         905.33          1.583
      46      50       1        0.00967         772.89          0.967
      46      50       1        0.00967         912.29          0.967
      46      50       1        0.00971         763.48          0.971
      46      50       1        0.00971         911.69          0.971
      46      51       1        0.00393         837.06          0.393
      46      51       1        0.00393         783.45          0.393
      46      51       1        0.00393         804.85          0.393
      46      63       1        0.01116         758.56          1.116
      46      63       1        0.01116         759.88          1.116
      45      62       1        0.01884         1700.0          1.884
      57      58       1        0.00366         880.09          0.366
      57      54       1        0.00586          835.5          0.586
      64      65       1        0.01491         2148.0          1.491
      66      65       1        0.01491         2148.0          1.491
      67      65       1         0.0133         2410.0           1.33
      67      65       1         0.0134         2392.0           1.34
      64      68       1        0.07905          402.0          7.905
      66      68       1        0.07905          402.0          7.905
      58      67       1        0.01025         765.61          1.025
      58      67       1        0.01025         898.03          1.025
      44      52       1        0.01386         2313.0          1.386
      44      52       1        0.01386         2313.0          1.386
      52      54       1        0.01244         856.67          1.244
      52      54       1        0.01244         852.17          1.244
      63      52       1        0.00979         868.54          0.979
      58      54       1        0.01189         908.69          1.189
      51      69       1        0.00115        27869.0          0.115
      70      69       1         0.0264         848.66           2.64
      71      69       1        0.01187         913.99          1.187
      71      69       1        0.01187         773.57          1.187
      45      68       1        0.02338         1371.0          2.338
      19      45       1        0.02524         1267.0          2.524
      19      45       1        0.02524         1267.0          2.524
      72      45       1         0.0041        5830.69           0.41
      73      74       1          0.005         6410.0            0.5
      75      73       1          0.074          434.0            7.4
      76      77       1         0.0299         1072.0           2.99
      78      76       1        0.01181         2714.0          1.181
      78      76       1        0.00735         4361.0          0.735
      76      79       1        0.01034         3100.0          1.034
      76      80       1        0.00131         828.29          0.131
      76      80       1        0.00116         776.56          0.116
      78      81       1         0.0003        5711.04           0.03
      78      81       1         0.0003         5829.8           0.03
      78      82       1        0.00451        5923.31          0.451
      78      82       1        0.00446        6169.99          0.446
      81      80       1        0.00221        14502.0          0.221
      83      84       1        0.01405         2263.0          1.405
      75      85       1        0.02069         1547.0          2.069
      83      82       1        0.03304          969.0          3.304
      83      75       1        0.02258         1417.0          2.258
      82      86       1        0.00375         8547.0          0.375
      75      82       1        0.02316         1382.0          2.316
      75      82       1           0.02         1603.0            2.0
      87      82       1        0.01412         2268.0          1.412
      87      82       1        0.02408         1330.0          2.408
      87      82       1        0.02409         1330.0          2.409
      36      75       1         0.0082         3908.0           0.82
      36      75       1         0.0082         3908.0           0.82
      36      88       1         0.0025        12820.0           0.25
      89      90       1        0.05356          598.0          5.356
      89      91       1        0.02667         1202.0          2.667
      87      92       1        0.00737         4342.0          0.737
      87      93       1        0.01266         2529.0          1.266
      87      94       1        0.01266         2529.0          1.266
      95      96       1        0.01382         2316.0          1.382
      97      95       1        0.01502         2131.0          1.502
      98      95       1        0.01413         2266.0          1.413
      95      99       1         0.0072         4452.0           0.72
      95     100       1        0.00864         3710.0          0.864
      95     101       1           0.01         3205.0            1.0
     102      40       1         0.0072         4452.0           0.72
      90     102       1        0.02667         1202.0          2.667
     103      40       1         0.0673          475.0           6.73
     104     105       1        0.01036         3089.0          1.036
     106     105       1        0.00238        5500.98          0.238
      91     105       1        0.02373         1349.0          2.373
      92     104       1        0.01263         2538.0          1.263
      96     106       1        0.00858         3736.0          0.858
      93     107       1        0.01263         2538.0          1.263
     107     108       1        0.01428         2242.0          1.428
     108      97       1        0.01263         2538.0          1.263
      94     109       1        0.01263         2538.0          1.263
     109     110       1        0.01428         2242.0          1.428
     110      98       1        0.01263         2538.0          1.263
     111     112       1        0.16938          188.0         16.938
     112     113       1        0.10101          314.0         10.101
     111     114       1        0.09268          343.0          9.268
     111     115       1        0.11381          279.0         11.381
     111     116       1        0.06678          474.0          6.678
     111     116       1         0.0654          484.0           6.54
     111     116       1        0.06642          476.0          6.642
     111     113       1        0.27403          116.0         27.403
     117     118       1         0.0098         3271.0           0.98
     119     117       1        0.01937         1654.0          1.937
     117     120       1        0.02087         1535.0          2.087
     117     120       1        0.02087         1535.0          2.087
     121     119       1        0.01985         1614.0          1.985
     122     119       1        0.03644          880.0          3.644
     119     123       1          0.016         2002.0            1.6
     114     113       1         0.2046          155.0          20.46
     115     113       1        0.16106          198.0         16.106
     121     120       1         0.0147         2169.0           1.47
     124     121       1        0.01297         2469.0          1.297
     125     120       1         0.0174         1842.0           1.74
     125     120       1         0.0119         2694.0           1.19
     126     120       1        0.01331         2408.0          1.331
     123     120       1        0.00998         3212.0          0.998
     120     127       1        0.00935         3428.0          0.935
     120     128       1        0.00944         3395.0          0.944
     120     129       1        0.00935         3428.0          0.935
     130     131       1           0.01         3205.0            1.0
     132     130       1           0.01         3205.0            1.0
     133     116       1        0.02281         1406.0          2.281
     116     134       1         0.0174         1842.0           1.74
     134     135       1        0.00998         3212.0          0.998
     134     136       1        0.00998         3212.0          0.998
     137     134       1         0.0072         4452.0           0.72
     138     134       1         0.0072         4452.0           0.72
     139     140       1        0.00666         4813.0          0.666
     141     140       1        0.00666         4813.0          0.666
     140     142       1         0.0112         2862.0           1.12
     140     143       1         0.0072         4452.0           0.72
     144     113       1        0.01815         1766.0          1.815
     113     145       1         0.0125         2564.0           1.25
     146     145       1        0.00448         7154.0          0.448
     147     145       1           0.01         3205.0            1.0
     148     145       1         0.0112         2862.0           1.12
     149     145       1         0.0036        5209.14           0.36
     145     150       1        0.00755         4245.0          0.755
     145     122       1        0.01098         2919.0          1.098
     131     151       1        0.01952         1641.0          1.952
     151     152       1           0.01         3205.0            1.0
     152     147       1        0.02119         1512.0          2.119
     135     139       1        0.02338         1369.0          2.338
     136     141       1        0.02338         1369.0          2.338
     142     148       1        0.03409          940.0          3.409
     143     149       1        0.02102         1524.0          2.102
     150     126       1        0.05719          561.0          5.719
      28     153       1        0.00905         3538.0          0.905
      70     154       1         0.0258         911.65           2.58
      70      71       1        0.07034          453.0          7.034
     155      19       1        0.01512         2120.0          1.512
      19      72       1        0.02779         1151.0          2.779
     156      19       1        0.01415         2264.0          1.415
     157     158       1        0.00365         8781.0          0.365
     158     154       1         0.0127         859.21           1.27
      72     159       1        0.00753         4254.0          0.753
      72     159       1         0.0075         4269.0           0.75
      72     156       1          0.031         1032.0            3.1
      72     160       1         0.0128         2502.0           1.28
      72     161       1        0.01125         2847.0          1.125
      72     161       1        0.01125         2847.0          1.125
     162     154       1        0.05399          594.0          5.399
     163     154       1         0.0395         754.67           3.95
     164     159       1        0.00516         6211.0          0.516
     159     162       1          0.005         6410.0            0.5
     159     160       1        0.00457        5370.29          0.457
     156     165       1         0.0098         3271.0           0.98
     166      71       1        0.01026         3124.0          1.026
      71     163       1        0.03649          876.0          3.649
      71     163       1        0.03399         873.01          3.399
     160     153       1         0.0093         3443.0           0.93
     161     163       1        0.01149         2790.0          1.149
     161     163       1        0.01149         2790.0          1.149
     161     163       1        0.01149         2790.0          1.149
     167     161       1        0.00935         3428.0          0.935
     168     161       1        0.00935         3428.0          0.935
     169     161       1         0.0084         3816.0           0.84
     103     170       1         0.0332          963.0           3.32
     170     171       1         0.0602          531.0           6.02
     170     171       1         0.0537          595.0           5.37
     170       9       1         0.0225         1421.0           2.25
     170       9       1         0.0238         1342.0           2.38
     170     172       1         0.0172         1859.0           1.72
     170     173       1         0.0106        2253.37           1.06
     103     174       1         0.0181         1771.0           1.81
     103     173       1         0.0226         1415.0           2.26
     174     175       1         0.0965          331.0           9.65
     171     176       1         0.0058         5523.0           0.58
     171     177       1         0.0878          363.0           8.78
     171     172       1         0.0392          815.0           3.92
     171     178       1         0.0374          854.0           3.74
     171     178       1         0.0372          858.0           3.72
       9     178       1          0.034          937.0            3.4
       9     178       1         0.0349          915.0           3.49
     175     179       1         0.0141         2272.0           1.41
     177      14       1         0.0195         1644.0           1.95
      99     137       1        0.02338         1370.0          2.338
     100     138       1         0.0247         1297.0           2.47
     101     132       1         0.0323          992.0           3.23
     127     167       1        0.02659         1204.0          2.659
     128     168       1        0.02662         1203.0          2.662
     129     169       1        0.02517         1273.0          2.517

Generation and demand by bus: 91
Bus G D
       1            0.0         926.77
       3        994.085          46.71
       4            0.0         113.45
       5            0.0        1271.04
       6        1084.63          48.57
       7        2402.61          47.87
       8            0.0         459.25
      12         2652.8           50.0
      13            0.0          67.39
      15            0.0          41.43
      16       1929.025          48.55
      19            0.0         471.17
      25            0.0         434.68
      26       3479.425          46.55
      27            0.0         327.45
      28            0.0         414.72
      29        1305.43          51.79
      33            0.0        2376.39
      34       6392.915           49.3
      36            0.0        2289.75
      38            0.0        1692.19
      39        5083.72          45.09
      40            0.0         307.42
      41       2254.335          51.16
      46            0.0          55.04
      48        191.725          51.45
      50            0.0         480.82
      52            0.0         427.39
      53            0.0          69.79
      54            0.0          59.47
      56        400.445          49.01
      57            0.0         172.41
      58            0.0          62.17
      59            0.0        1098.25
      60       2010.625          52.83
      61         152.35          53.25
      63            0.0          96.01
      65            0.0         115.98
      67            0.0           74.1
      69            0.0         185.63
      70            0.0          95.26
      71            0.0        1578.86
      72            0.0         107.93
      73            0.0         774.37
      74       2932.815          46.97
      75            0.0        1780.83
      77            0.0           78.5
      79       1239.795          51.91
      80            0.0        1486.08
      82            0.0        1617.77
      83            0.0        1223.08
      86       7403.065          54.24
      88      10354.215          53.91
     103            0.0          16.91
     111            0.0         107.66
     113            0.0         438.16
     114            0.0          14.28
     115            0.0           3.78
     116            0.0          75.99
     117            0.0          23.75
     118        737.535          54.62
     119            0.0          167.6
     120            0.0          28.61
     121            0.0         131.26
     124            0.0          19.35
     125            0.0         427.13
     133       1328.115          54.11
     144        805.425          51.07
     145            0.0        2650.16
     146        4482.46          54.76
     153            0.0         191.17
     154            0.0         174.36
     155        1178.09          46.32
     157       3469.755          48.52
     158            0.0        1730.28
     159            0.0        1540.95
     160            0.0         559.23
     163            0.0         511.38
     164       1866.725          45.88
     165       2041.235          53.68
     166        2590.31          49.94
     170            0.0         210.22
     171            0.0          53.01
     172            0.0          73.31
     173            0.0          95.68
     174            0.0          79.39
     175            0.0         137.66
     176       2214.085           53.7
     177            0.0          15.05
     178            0.0         171.78
     179        501.625          47.79
