Bus data: 240

Existing lines: 448
Bfr Bto Nc X Cap. Cost
       1       2       1        0.03169          996.0     0.0
       1       3       1         0.0965          326.0     0.0
       4       5       1         0.0053         5934.0     0.0
       4       6       1        0.01988         1583.0     0.0
       4       6       1        0.01988         1583.0     0.0
       4       7       1         0.0436          721.0     0.0
       5       8       1        0.27403          115.0     0.0
       5       9       1           0.11          287.0     0.0
      10      11       1         0.0211         1485.0     0.0
      10      11       1         0.0211         1485.0     0.0
       2       3       1        0.00536         5834.0     0.0
       2      12       1        0.02592         1216.0     0.0
       2      13       1        0.01369         2282.0     0.0
       3      14       1         0.0211         1485.0     0.0
       3      12       1        0.03489          904.0     0.0
      15      14       1         0.0211         1485.0     0.0
      15      12       1         0.0211         1485.0     0.0
      15      12       1         0.0673          468.0     0.0
      15      16       1        0.02524         1249.0     0.0
      15      13       1         0.0965          326.0     0.0
      17      18       1         0.1369          231.0     0.0
      11      12       1         0.0096         3288.0     0.0
      11      12       1         0.0096         3288.0     0.0
      11      19       1        0.02967         1061.0     0.0
      11      20       1        0.02967         1061.0     0.0
      21      22       1        0.07034          446.0     0.0
      23      24       1        0.05399          585.0     0.0
      23      25       1        0.05399          585.0     0.0
      22      25       1        0.07034          446.0     0.0
      26      19       1        0.02524         1249.0     0.0
      24      27       1        0.02886         1089.0     0.0
      24      27       1        0.02886         1089.0     0.0
      24      28       1        0.02886         1089.0     0.0
      27      28       1        0.02886         1089.0     0.0
      27      28       1        0.02886         1089.0     0.0
      20      29       1        0.00905         3487.0     0.0
      30      31       1        0.00753         4192.0     0.0
      30      31       1         0.0075         4208.0     0.0
      30      32       1        0.01125         2806.0     0.0
      30      32       1        0.01125         2806.0     0.0
      30      33       1         0.0128         2466.0     0.0
      30      16       1         0.0041         7696.0     0.0
      30      13       1        0.02779         1134.0     0.0
      30      34       1          0.031         1018.0     0.0
      31      33       1        0.00457         6905.0     0.0
      29      33       1         0.0093         3394.0     0.0
      32      35       1       -0.00935         3379.0     0.0
      32      36       1       -0.00935         3379.0     0.0
      32      37       1        -0.0084         3761.0     0.0
      38      39       1         0.0264         1195.0     0.0
      38      40       1        0.01187         2658.0     0.0
      38      40       1        0.01187         2658.0     0.0
      39      41       1         0.0258         1222.0     0.0
      39      40       1        0.07034          446.0     0.0
      42      41       1         0.0127         2478.0     0.0
      41      43       1        0.05399          585.0     0.0
      41      43       1        0.05399          585.0     0.0
      41      44       1         0.0395          798.0     0.0
      41      45       1        0.02886         1089.0     0.0
      43      45       1        0.02886         1089.0     0.0
      43      28       1        0.02886         1089.0     0.0
      40      44       1        0.03649          864.0     0.0
      40      44       1        0.03399          929.0     0.0
      45      28       1        0.02886         1089.0     0.0
      45      28       1        0.02886         1089.0     0.0
      13      34       1        0.01415         2231.0     0.0
      46      47       1        0.01668         1892.0     0.0
      46      16       1        0.00159        19867.0     0.0
      46      16       1        0.00159        19867.0     0.0
      46      48       1        0.01861         1696.0     0.0
      48      16       1        0.01884         1675.0     0.0
      16      13       1        0.02524         1249.0     0.0
      49      50       1         0.0965          326.0     0.0
      49      51       1         0.0245         1286.0     0.0
      49      51       1         0.0245         1286.0     0.0
      52      53       1        0.07905          396.0     0.0
      54      53       1        0.07905          396.0     0.0
      55      56       1        0.03346          942.0     0.0
      55      57       1          0.038          829.0     0.0
      55      58       1        0.04677          674.0     0.0
      55      59       1        0.03422          922.0     0.0
      60      61       1        0.00723         4360.0     0.0
      60      62       1        0.00536         5881.0     0.0
      63      64       1        0.03422          922.0     0.0
      63      64       1        0.03669          860.0     0.0
      63      65       1        0.03074         1026.0     0.0
      63      62       1        0.04296          734.0     0.0
      56      57       1        0.00434         7262.0     0.0
      57      61       1        0.01583         1975.0     0.0
      57      61       1        0.01583         1975.0     0.0
      57      58       1        0.00967         3233.0     0.0
      57      58       1        0.00967         3233.0     0.0
      57      58       1        0.00971         3210.0     0.0
      57      58       1        0.00971         3210.0     0.0
      57      59       1        0.00393         8019.0     0.0
      57      59       1        0.00393         8019.0     0.0
      57      59       1        0.00393         8019.0     0.0
      57      66       1        0.01116         2810.0     0.0
      57      66       1        0.01116         2810.0     0.0
      64      65       1        0.00366         8587.0     0.0
      64      62       1        0.00586         5367.0     0.0
      67      65       1        0.01025         3074.0     0.0
      67      65       1        0.01025         3074.0     0.0
      61      62       1        0.01244         2528.0     0.0
      61      62       1        0.01244         2528.0     0.0
      61      66       1        0.00979         3200.0     0.0
      65      62       1        0.01189         2646.0     0.0
      68      69       1         0.0127         2478.0     0.0
      68      69       1         0.0127         2478.0     0.0
      69      70       1         0.0127         2478.0     0.0
      69      70       1         0.0127         2478.0     0.0
      69      70       1         0.0127         2478.0     0.0
      69      71       1         0.0127         2478.0     0.0
      70      72       1         0.0127         2478.0     0.0
      70      72       1         0.0127         2478.0     0.0
      70      73       1         0.0127         2478.0     0.0
      70      73       1         0.0127         2478.0     0.0
      74      75       1        0.02886         1089.0     0.0
      76      77       1         0.0127         2478.0     0.0
      76      77       1         0.0127         2478.0     0.0
      76      78       1         0.0127         2478.0     0.0
      76      78       1         0.0127         2478.0     0.0
      76      79       1        0.02886         1089.0     0.0
      76      79       1        0.02886         1089.0     0.0
      76      80       1         0.0127         2478.0     0.0
      76      80       1         0.0127         2478.0     0.0
      77      78       1         0.0127         2478.0     0.0
      77      78       1        0.02886         1089.0     0.0
      77      72       1         0.0127         2478.0     0.0
      77      81       1         0.0127         2478.0     0.0
      77      80       1        0.02886         1089.0     0.0
      77      80       1        0.02886         1089.0     0.0
      78      72       1         0.0127         2478.0     0.0
      78      82       1         0.0127         2478.0     0.0
      78      82       1        0.02886         1089.0     0.0
      78      73       1         0.0127         2478.0     0.0
      78      79       1        0.02886         1089.0     0.0
      78      79       1        0.02886         1089.0     0.0
      72      81       1         0.0127         2478.0     0.0
      72      81       1         0.0127         2478.0     0.0
      72      79       1        0.02886         1089.0     0.0
      72      79       1        0.02886         1089.0     0.0
      81      83       1        0.02886         1089.0     0.0
      81      84       1        0.02886         1089.0     0.0
      85      86       1        0.01297         2434.0     0.0
      85      87       1       -0.00755         4184.0     0.0
      71      88       1         0.0127         2478.0     0.0
      71      88       1         0.0127         2478.0     0.0
      82      88       1         0.0127         2478.0     0.0
      82      88       1         0.0127         2478.0     0.0
      82      88       1         0.0127         2478.0     0.0
      82      89       1        0.02886         1089.0     0.0
      82      89       1        0.02886         1089.0     0.0
      73      79       1        0.02886         1089.0     0.0
      90      91       1        0.02886         1089.0     0.0
      90      91       1        0.02886         1089.0     0.0
      90      92       1        0.02886         1089.0     0.0
      90      93       1        0.02886         1089.0     0.0
      90      93       1        0.02886         1089.0     0.0
      90      94       1        0.02886         1089.0     0.0
      95      92       1        0.02886         1089.0     0.0
      95      94       1        0.02886         1089.0     0.0
      92      94       1        0.02886         1089.0     0.0
      92      94       1        0.02886         1089.0     0.0
      92      96       1        0.02886         1089.0     0.0
      92      89       1        0.02886         1089.0     0.0
      93      97       1        0.02886         1089.0     0.0
      93      97       1        0.02886         1089.0     0.0
      98      83       1        0.02886         1089.0     0.0
      98      84       1        0.02886         1089.0     0.0
      99     100       1        0.02886         1089.0     0.0
     101     102       1        0.02886         1089.0     0.0
     101     102       1        0.02886         1089.0     0.0
     103     104       1        0.01937         1630.0     0.0
     103     105       1        0.02087         1513.0     0.0
     103     105       1        0.02087         1513.0     0.0
     104     106       1          0.016         1973.0     0.0
     104     107       1        0.01985         1590.0     0.0
     105     106       1       -0.00998         3166.0     0.0
     105     108       1       -0.00935         3379.0     0.0
     105     109       1       -0.00944         3347.0     0.0
     105     110       1       -0.00935         3379.0     0.0
     105     107       1         0.0147         2138.0     0.0
      94     111       1        0.02886         1089.0     0.0
     112     111       1        0.02886         1089.0     0.0
     108      35       1        0.02659         1187.0     0.0
     109      36       1        0.02662         1186.0     0.0
     110      37       1        0.02517         1254.0     0.0
     107      86       1        0.01297         2434.0     0.0
     107      87       1        0.03644          867.0     0.0
     107     113       1       -0.01331         2374.0     0.0
      87     114       1       -0.01098         2877.0     0.0
      87     115       1        0.01035         3039.0     0.0
      87     113       1        0.05719          553.0     0.0
     114     115       1        0.01229         2549.0     0.0
     115     116       1        0.00346         8938.0     0.0
     116     117       1        0.00456         6881.0     0.0
     116     117       1        0.00456         6881.0     0.0
      97     118       1        0.02886         1089.0     0.0
      97      79       1        0.02886         1089.0     0.0
      97     119       1        0.09268          338.0     0.0
     118     120       1        0.02886         1089.0     0.0
     121     122       1        0.02886         1089.0     0.0
     121     120       1        0.02886         1089.0     0.0
     123     124       1        0.16938          185.0     0.0
     123      80       1        0.10101          310.0     0.0
     124     125       1        0.09268          338.0     0.0
     124     126       1        0.11381          275.0     0.0
     124     127       1        0.06678          467.0     0.0
     124     127       1         0.0654          477.0     0.0
     124     127       1        0.06642          470.0     0.0
     124      80       1        0.27403          115.0     0.0
     124     128       1        0.09268          338.0     0.0
     124     128       1        0.09268          338.0     0.0
     125      80       1         0.2046          153.0     0.0
     129     120       1        0.02886         1089.0     0.0
     129     120       1        0.02886         1089.0     0.0
     129      79       1        0.02886         1089.0     0.0
     129     119       1        0.09268          338.0     0.0
      84      80       1        0.02886         1089.0     0.0
     126      80       1        0.16106          195.0     0.0
     122     130       1        0.02886         1089.0     0.0
     120     130       1        0.02886         1089.0     0.0
      79     131       1        0.09268          338.0     0.0
      79     131       1        0.09268          338.0     0.0
     117     132       1        0.00239        12565.0     0.0
     117     133       1        0.01382         2283.0     0.0
     117     134       1        0.01502         2101.0     0.0
     117     135       1        0.01413         2233.0     0.0
     117     136       1        0.01293         2435.0     0.0
     137     138       1        0.02373         1330.0     0.0
     137     133       1        0.00238        13256.0     0.0
     137     139       1        0.01036         3044.0     0.0
     138     140       1        0.02689         1170.0     0.0
     141     142       1        0.01412         2235.0     0.0
     141     142       1        0.02408         1311.0     0.0
     141     142       1        0.02409         1310.0     0.0
     141     139       1        0.00737         4280.0     0.0
     141     143       1        0.01266         2492.0     0.0
     141     144       1        0.01266         2492.0     0.0
     142     145       1        0.00451         6995.0     0.0
     142     145       1        0.00446         7076.0     0.0
     142     146       1        0.02316         1363.0     0.0
     142     146       1           0.02         1580.0     0.0
     142     147       1         0.0082         3851.0     0.0
     142     148       1        0.03304          955.0     0.0
     145     149       1         0.0003       105233.0     0.0
     145     149       1         0.0003       105233.0     0.0
     145     147       1         0.0082         3851.0     0.0
     150     151       1         0.0673          468.0     0.0
     152     153       1        0.00131        24088.0     0.0
     152     153       1        0.00116        27195.0     0.0
     152     154       1           0.02         1572.0     0.0
     143     155       1        0.00165        19144.0     0.0
     155     134       1       -0.01263         2501.0     0.0
     144     156       1        0.00165        19144.0     0.0
     156     135       1       -0.01263         2501.0     0.0
     157     146       1        0.02069         1525.0     0.0
     157     146       1        0.02069         1525.0     0.0
     157     158       1          0.074          427.0     0.0
     157     158       1           0.02         1572.0     0.0
     157     159       1         0.0082         3851.0     0.0
     157     159       1         0.0082         3851.0     0.0
     146     159       1         0.0082         3851.0     0.0
     146     159       1         0.0082         3851.0     0.0
     146     147       1         0.0082         3851.0     0.0
     146     147       1         0.0082         3851.0     0.0
     146     148       1        0.02258         1397.0     0.0
     158     148       1          0.074          427.0     0.0
     154     160       1           0.02         1572.0     0.0
     159     147       1        0.02408         1311.0     0.0
     159     161       1         0.0239         1321.0     0.0
     147     162       1        0.00165        17775.0     0.0
     162     132       1        0.01266         2491.0     0.0
     161     163       1           0.07          451.0     0.0
     164     160       1           0.02         1572.0     0.0
     165     166       1        0.02316         1363.0     0.0
     165     167       1         0.0046         6867.0     0.0
     165     168       1         0.0673          468.0     0.0
     166     167       1         0.0046         6867.0     0.0
     166     167       1         0.0046         6867.0     0.0
     166     169       1         0.0673          468.0     0.0
     166     169       1         0.0673          468.0     0.0
     170     171       1         0.0965          326.0     0.0
     170     172       1         0.0965          326.0     0.0
     173     148       1        0.01405         2231.0     0.0
     174     175       1          0.074          427.0     0.0
     171     175       1          0.025         1263.0     0.0
     174     176       1         0.0965          326.0     0.0
     174     176       1         0.0965          326.0     0.0
     174     177       1         0.0965          326.0     0.0
     178       8       1         0.0046         6867.0     0.0
     176     177       1         0.0965          326.0     0.0
     176     172       1         0.0965          326.0     0.0
     176     172       1         0.0965          326.0     0.0
     172     179       1         0.0965          326.0     0.0
     172     179       1         0.0965          326.0     0.0
     151     168       1         0.0673          468.0     0.0
     151     168       1         0.0673          468.0     0.0
     151      50       1         0.0965          326.0     0.0
     168      50       1         0.0673          468.0     0.0
      50      18       1         0.0965          326.0     0.0
     169     180       1        0.00332         7711.0     0.0
     169      51       1        0.00238         9952.0     0.0
     169     181       1        0.00226        11408.0     0.0
     169     181       1        0.00226        11408.0     0.0
     180     182       1         0.0602          523.0     0.0
     180     182       1         0.0537          586.0     0.0
     180      51       1        0.00225        11202.0     0.0
     180      51       1        0.00238         9952.0     0.0
     180      51       1        0.00225        11202.0     0.0
     180      51       1        0.00238         9952.0     0.0
     180     183       1         0.0172         1833.0     0.0
     180     181       1        0.00106        23786.0     0.0
     180     181       1        0.00106        23786.0     0.0
     182      51       1         0.0349          902.0     0.0
     182     184       1         0.0878          358.0     0.0
     182      18       1         0.0374          842.0     0.0
     182      18       1         0.0372          846.0     0.0
     182     183       1         0.0392          803.0     0.0
      51      18       1          0.034          924.0     0.0
      51      18       1         0.0349          902.0     0.0
      51       9       1         0.1369          231.0     0.0
       8       9       1         0.0046         6867.0     0.0
     136     113       1         0.0111         2817.0     0.0
     128     119       1        0.13702          229.0     0.0
     128     131       1        0.27403          115.0     0.0
     128     131       1        0.27403          115.0     0.0
     119     131       1        0.13702          229.0     0.0
       1       4       1          0.011         2872.0     0.0
       1       4       1          0.011         2872.0     0.0
       4     185       1         0.0138         2289.0     0.0
       4     185       1         0.0139         2272.0     0.0
      10       6       1         0.0146         2164.0     0.0
      10       6       1         0.0146         2164.0     0.0
      14      17       1         0.0072         4388.0     0.0
      11      21       1         0.0138         2289.0     0.0
      22      20       1         0.0138         2289.0     0.0
      26      24       1          0.005         6318.0     0.0
      26      24       1          0.005         6318.0     0.0
      19      25       1          0.005         6318.0     0.0
      19      25       1          0.005         6318.0     0.0
      31      43       1          0.005         6318.0     0.0
      32      44       1        0.01149         2750.0     0.0
      32      44       1        0.01149         2750.0     0.0
      32      44       1        0.01149         2750.0     0.0
      38      59       1        0.00115        27468.0     0.0
      33      45       1          0.005         6318.0     0.0
      33      45       1          0.005         6318.0     0.0
      33      45       1          0.005         6318.0     0.0
      48      57       1        0.01386         2279.0     0.0
      47      61       1        0.01386         2279.0     0.0
      47      61       1        0.01386         2279.0     0.0
      16      53       1        0.02338         1351.0     0.0
      52     186       1        0.01491         2117.0     0.0
      54     186       1        0.01491         2117.0     0.0
      67     186       1         0.0133         2375.0     0.0
      67     186       1         0.0134         2357.0     0.0
      69      74       1         0.0299         1056.0     0.0
      85      82       1         0.0174         1816.0     0.0
      85      82       1         0.0174         1816.0     0.0
      85      82       1         0.0174         1816.0     0.0
     101     187       1         0.0299         1056.0     0.0
     101     187       1         0.0299         1056.0     0.0
     104      94       1         0.0174         1816.0     0.0
     105     112       1         0.0174         1816.0     0.0
     105     112       1         0.0119         2655.0     0.0
     107      96       1         0.0174         1816.0     0.0
      86      89       1         0.0174         1816.0     0.0
      87      79       1         0.0174         1816.0     0.0
     114      80       1         0.0125         2527.0     0.0
     115     130       1         0.0174         1816.0     0.0
     116     127       1         0.0174         1816.0     0.0
     124     100       1         0.0299         1056.0     0.0
     120     102       1         0.0299         1056.0     0.0
     120     102       1         0.0299         1056.0     0.0
     117     150       1         0.0072         4388.0     0.0
     145     152       1        0.01181         2675.0     0.0
     145     152       1        0.00735         4298.0     0.0
     149     153       1        0.00221        14293.0     0.0
     158     154       1           0.01         3159.0     0.0
     163     164       1           0.01         3159.0     0.0
     140     165       1         0.0072         4388.0     0.0
     166     170       1         0.0181         1745.0     0.0
     173     174       1         0.0181         1745.0     0.0
     148     171       1         0.0181         1745.0     0.0
     167     176       1         0.0181         1745.0     0.0
     178     177       1         0.0181         1745.0     0.0
     151     187       1         0.0299         1056.0     0.0
     151     187       1         0.0299         1056.0     0.0
     169     179       1         0.0181         1745.0     0.0
     169     179       1         0.0181         1745.0     0.0
     184       7       1         0.0195         1620.0     0.0
     136     128       1         0.0174         1816.0     0.0
     113     131       1         0.0174         1816.0     0.0
       4     188       1         0.0005        63175.0     0.0
       5     189       1         0.0005        63175.0     0.0
      10     190       1         0.0005        63175.0     0.0
       3     191       1         0.0005        63175.0     0.0
      15     192       1         0.0005        63175.0     0.0
      17     193       1         0.0005        63175.0     0.0
      11     194       1         0.0005        63175.0     0.0
      23     195       1         0.0005        63175.0     0.0
      22     196       1         0.0005        63175.0     0.0
      27     197       1         0.0005        63175.0     0.0
      25     198       1         0.0005        63175.0     0.0
      41     199       1         0.0005        63175.0     0.0
      28     200       1         0.0005        63175.0     0.0
      49     201       1         0.0005        63175.0     0.0
      55     202       1         0.0005        63175.0     0.0
      63     203       1         0.0005        63175.0     0.0
      56     204       1         0.0005        63175.0     0.0
      57     205       1         0.0005        63175.0     0.0
      70     206       1         0.0005        63175.0     0.0
      75     207       1         0.0005        63175.0     0.0
      72     208       1         0.0005        63175.0     0.0
      82     209       1         0.0005        63175.0     0.0
      91     210       1         0.0005        63175.0     0.0
      95     211       1         0.0005        63175.0     0.0
      98     212       1         0.0005        63175.0     0.0
      99     213       1         0.0005        63175.0     0.0
     101     214       1         0.0005        63175.0     0.0
     103     215       1         0.0005        63175.0     0.0
     112     216       1         0.0005        63175.0     0.0
     111     217       1         0.0005        63175.0     0.0
      86     218       1         0.0005        63175.0     0.0
     127     219       1         0.0005        63175.0     0.0
      79     220       1         0.0005        63175.0     0.0
     117     221       1         0.0005        63175.0     0.0
     142     222       1         0.0005        63175.0     0.0
     152     223       1         0.0005        63175.0     0.0
     157     224       1         0.0005        63175.0     0.0
     146     225       1         0.0005        63175.0     0.0
     159     226       1         0.0005        63175.0     0.0
     147     227       1         0.0005        63175.0     0.0
     161     228       1         0.0005        63175.0     0.0
     163     229       1         0.0005        63175.0     0.0
     165     230       1         0.0005        63175.0     0.0
     173     231       1         0.0005        63175.0     0.0
     175     232       1         0.0005        63175.0     0.0
     176     233       1         0.0005        63175.0     0.0
     172     234       1         0.0005        63175.0     0.0
     168     235       1         0.0005        63175.0     0.0
     182     236       1         0.0005        63175.0     0.0
       8     237       1         0.0005        63175.0     0.0
       9     238       1         0.0005        63175.0     0.0
     128     239       1         0.0005        63175.0     0.0
     119     240       1         0.0005        63175.0     0.0

Candidate lines: 448
Bfr Bto Nc X Cap. Cost
       1       2       1        0.03169          996.0          3.169
       1       3       1         0.0965          326.0           9.65
       4       5       1         0.0053         5934.0           0.53
       4       6       1        0.01988         1583.0          1.988
       4       6       1        0.01988         1583.0          1.988
       4       7       1         0.0436          721.0           4.36
       5       8       1        0.27403          115.0         27.403
       5       9       1           0.11          287.0           11.0
      10      11       1         0.0211         1485.0           2.11
      10      11       1         0.0211         1485.0           2.11
       2       3       1        0.00536         5834.0          0.536
       2      12       1        0.02592         1216.0          2.592
       2      13       1        0.01369         2282.0          1.369
       3      14       1         0.0211         1485.0           2.11
       3      12       1        0.03489          904.0          3.489
      15      14       1         0.0211         1485.0           2.11
      15      12       1         0.0211         1485.0           2.11
      15      12       1         0.0673          468.0           6.73
      15      16       1        0.02524         1249.0          2.524
      15      13       1         0.0965          326.0           9.65
      17      18       1         0.1369          231.0          13.69
      11      12       1         0.0096         3288.0           0.96
      11      12       1         0.0096         3288.0           0.96
      11      19       1        0.02967         1061.0          2.967
      11      20       1        0.02967         1061.0          2.967
      21      22       1        0.07034          446.0          7.034
      23      24       1        0.05399          585.0          5.399
      23      25       1        0.05399          585.0          5.399
      22      25       1        0.07034          446.0          7.034
      26      19       1        0.02524         1249.0          2.524
      24      27       1        0.02886         1089.0          2.886
      24      27       1        0.02886         1089.0          2.886
      24      28       1        0.02886         1089.0          2.886
      27      28       1        0.02886         1089.0          2.886
      27      28       1        0.02886         1089.0          2.886
      20      29       1        0.00905         3487.0          0.905
      30      31       1        0.00753         4192.0          0.753
      30      31       1         0.0075         4208.0           0.75
      30      32       1        0.01125         2806.0          1.125
      30      32       1        0.01125         2806.0          1.125
      30      33       1         0.0128         2466.0           1.28
      30      16       1         0.0041         7696.0           0.41
      30      13       1        0.02779         1134.0          2.779
      30      34       1          0.031         1018.0            3.1
      31      33       1        0.00457         6905.0          0.457
      29      33       1         0.0093         3394.0           0.93
      32      35       1       -0.00935         3379.0          0.935
      32      36       1       -0.00935         3379.0          0.935
      32      37       1        -0.0084         3761.0           0.84
      38      39       1         0.0264         1195.0           2.64
      38      40       1        0.01187         2658.0          1.187
      38      40       1        0.01187         2658.0          1.187
      39      41       1         0.0258         1222.0           2.58
      39      40       1        0.07034          446.0          7.034
      42      41       1         0.0127         2478.0           1.27
      41      43       1        0.05399          585.0          5.399
      41      43       1        0.05399          585.0          5.399
      41      44       1         0.0395          798.0           3.95
      41      45       1        0.02886         1089.0          2.886
      43      45       1        0.02886         1089.0          2.886
      43      28       1        0.02886         1089.0          2.886
      40      44       1        0.03649          864.0          3.649
      40      44       1        0.03399          929.0          3.399
      45      28       1        0.02886         1089.0          2.886
      45      28       1        0.02886         1089.0          2.886
      13      34       1        0.01415         2231.0          1.415
      46      47       1        0.01668         1892.0          1.668
      46      16       1        0.00159        19867.0          0.159
      46      16       1        0.00159        19867.0          0.159
      46      48       1        0.01861         1696.0          1.861
      48      16       1        0.01884         1675.0          1.884
      16      13       1        0.02524         1249.0          2.524
      49      50       1         0.0965          326.0           9.65
      49      51       1         0.0245         1286.0           2.45
      49      51       1         0.0245         1286.0           2.45
      52      53       1        0.07905          396.0          7.905
      54      53       1        0.07905          396.0          7.905
      55      56       1        0.03346          942.0          3.346
      55      57       1          0.038          829.0            3.8
      55      58       1        0.04677          674.0          4.677
      55      59       1        0.03422          922.0          3.422
      60      61       1        0.00723         4360.0          0.723
      60      62       1        0.00536         5881.0          0.536
      63      64       1        0.03422          922.0          3.422
      63      64       1        0.03669          860.0          3.669
      63      65       1        0.03074         1026.0          3.074
      63      62       1        0.04296          734.0          4.296
      56      57       1        0.00434         7262.0          0.434
      57      61       1        0.01583         1975.0          1.583
      57      61       1        0.01583         1975.0          1.583
      57      58       1        0.00967         3233.0          0.967
      57      58       1        0.00967         3233.0          0.967
      57      58       1        0.00971         3210.0          0.971
      57      58       1        0.00971         3210.0          0.971
      57      59       1        0.00393         8019.0          0.393
      57      59       1        0.00393         8019.0          0.393
      57      59       1        0.00393         8019.0          0.393
      57      66       1        0.01116         2810.0          1.116
      57      66       1        0.01116         2810.0          1.116
      64      65       1        0.00366         8587.0          0.366
      64      62       1        0.00586         5367.0          0.586
      67      65       1        0.01025         3074.0          1.025
      67      65       1        0.01025         3074.0          1.025
      61      62       1        0.01244         2528.0          1.244
      61      62       1        0.01244         2528.0          1.244
      61      66       1        0.00979         3200.0          0.979
      65      62       1        0.01189         2646.0          1.189
      68      69       1         0.0127         2478.0           1.27
      68      69       1         0.0127         2478.0           1.27
      69      70       1         0.0127         2478.0           1.27
      69      70       1         0.0127         2478.0           1.27
      69      70       1         0.0127         2478.0           1.27
      69      71       1         0.0127         2478.0           1.27
      70      72       1         0.0127         2478.0           1.27
      70      72       1         0.0127         2478.0           1.27
      70      73       1         0.0127         2478.0           1.27
      70      73       1         0.0127         2478.0           1.27
      74      75       1        0.02886         1089.0          2.886
      76      77       1         0.0127         2478.0           1.27
      76      77       1         0.0127         2478.0           1.27
      76      78       1         0.0127         2478.0           1.27
      76      78       1         0.0127         2478.0           1.27
      76      79       1        0.02886         1089.0          2.886
      76      79       1        0.02886         1089.0          2.886
      76      80       1         0.0127         2478.0           1.27
      76      80       1         0.0127         2478.0           1.27
      77      78       1         0.0127         2478.0           1.27
      77      78       1        0.02886         1089.0          2.886
      77      72       1         0.0127         2478.0           1.27
      77      81       1         0.0127         2478.0           1.27
      77      80       1        0.02886         1089.0          2.886
      77      80       1        0.02886         1089.0          2.886
      78      72       1         0.0127         2478.0           1.27
      78      82       1         0.0127         2478.0           1.27
      78      82       1        0.02886         1089.0          2.886
      78      73       1         0.0127         2478.0           1.27
      78      79       1        0.02886         1089.0          2.886
      78      79       1        0.02886         1089.0          2.886
      72      81       1         0.0127         2478.0           1.27
      72      81       1         0.0127         2478.0           1.27
      72      79       1        0.02886         1089.0          2.886
      72      79       1        0.02886         1089.0          2.886
      81      83       1        0.02886         1089.0          2.886
      81      84       1        0.02886         1089.0          2.886
      85      86       1        0.01297         2434.0          1.297
      85      87       1       -0.00755         4184.0          0.755
      71      88       1         0.0127         2478.0           1.27
      71      88       1         0.0127         2478.0           1.27
      82      88       1         0.0127         2478.0           1.27
      82      88       1         0.0127         2478.0           1.27
      82      88       1         0.0127         2478.0           1.27
      82      89       1        0.02886         1089.0          2.886
      82      89       1        0.02886         1089.0          2.886
      73      79       1        0.02886         1089.0          2.886
      90      91       1        0.02886         1089.0          2.886
      90      91       1        0.02886         1089.0          2.886
      90      92       1        0.02886         1089.0          2.886
      90      93       1        0.02886         1089.0          2.886
      90      93       1        0.02886         1089.0          2.886
      90      94       1        0.02886         1089.0          2.886
      95      92       1        0.02886         1089.0          2.886
      95      94       1        0.02886         1089.0          2.886
      92      94       1        0.02886         1089.0          2.886
      92      94       1        0.02886         1089.0          2.886
      92      96       1        0.02886         1089.0          2.886
      92      89       1        0.02886         1089.0          2.886
      93      97       1        0.02886         1089.0          2.886
      93      97       1        0.02886         1089.0          2.886
      98      83       1        0.02886         1089.0          2.886
      98      84       1        0.02886         1089.0          2.886
      99     100       1        0.02886         1089.0          2.886
     101     102       1        0.02886         1089.0          2.886
     101     102       1        0.02886         1089.0          2.886
     103     104       1        0.01937         1630.0          1.937
     103     105       1        0.02087         1513.0          2.087
     103     105       1        0.02087         1513.0          2.087
     104     106       1          0.016         1973.0            1.6
     104     107       1        0.01985         1590.0          1.985
     105     106       1       -0.00998         3166.0          0.998
     105     108       1       -0.00935         3379.0          0.935
     105     109       1       -0.00944         3347.0          0.944
     105     110       1       -0.00935         3379.0          0.935
     105     107       1         0.0147         2138.0           1.47
      94     111       1        0.02886         1089.0          2.886
     112     111       1        0.02886         1089.0          2.886
     108      35       1        0.02659         1187.0          2.659
     109      36       1        0.02662         1186.0          2.662
     110      37       1        0.02517         1254.0          2.517
     107      86       1        0.01297         2434.0          1.297
     107      87       1        0.03644          867.0          3.644
     107     113       1       -0.01331         2374.0          1.331
      87     114       1       -0.01098         2877.0          1.098
      87     115       1        0.01035         3039.0          1.035
      87     113       1        0.05719          553.0          5.719
     114     115       1        0.01229         2549.0          1.229
     115     116       1        0.00346         8938.0          0.346
     116     117       1        0.00456         6881.0          0.456
     116     117       1        0.00456         6881.0          0.456
      97     118       1        0.02886         1089.0          2.886
      97      79       1        0.02886         1089.0          2.886
      97     119       1        0.09268          338.0          9.268
     118     120       1        0.02886         1089.0          2.886
     121     122       1        0.02886         1089.0          2.886
     121     120       1        0.02886         1089.0          2.886
     123     124       1        0.16938          185.0         16.938
     123      80       1        0.10101          310.0         10.101
     124     125       1        0.09268          338.0          9.268
     124     126       1        0.11381          275.0         11.381
     124     127       1        0.06678          467.0          6.678
     124     127       1         0.0654          477.0           6.54
     124     127       1        0.06642          470.0          6.642
     124      80       1        0.27403          115.0         27.403
     124     128       1        0.09268          338.0          9.268
     124     128       1        0.09268          338.0          9.268
     125      80       1         0.2046          153.0          20.46
     129     120       1        0.02886         1089.0          2.886
     129     120       1        0.02886         1089.0          2.886
     129      79       1        0.02886         1089.0          2.886
     129     119       1        0.09268          338.0          9.268
      84      80       1        0.02886         1089.0          2.886
     126      80       1        0.16106          195.0         16.106
     122     130       1        0.02886         1089.0          2.886
     120     130       1        0.02886         1089.0          2.886
      79     131       1        0.09268          338.0          9.268
      79     131       1        0.09268          338.0          9.268
     117     132       1        0.00239        12565.0          0.239
     117     133       1        0.01382         2283.0          1.382
     117     134       1        0.01502         2101.0          1.502
     117     135       1        0.01413         2233.0          1.413
     117     136       1        0.01293         2435.0          1.293
     137     138       1        0.02373         1330.0          2.373
     137     133       1        0.00238        13256.0          0.238
     137     139       1        0.01036         3044.0          1.036
     138     140       1        0.02689         1170.0          2.689
     141     142       1        0.01412         2235.0          1.412
     141     142       1        0.02408         1311.0          2.408
     141     142       1        0.02409         1310.0          2.409
     141     139       1        0.00737         4280.0          0.737
     141     143       1        0.01266         2492.0          1.266
     141     144       1        0.01266         2492.0          1.266
     142     145       1        0.00451         6995.0          0.451
     142     145       1        0.00446         7076.0          0.446
     142     146       1        0.02316         1363.0          2.316
     142     146       1           0.02         1580.0            2.0
     142     147       1         0.0082         3851.0           0.82
     142     148       1        0.03304          955.0          3.304
     145     149       1         0.0003       105233.0           0.03
     145     149       1         0.0003       105233.0           0.03
     145     147       1         0.0082         3851.0           0.82
     150     151       1         0.0673          468.0           6.73
     152     153       1        0.00131        24088.0          0.131
     152     153       1        0.00116        27195.0          0.116
     152     154       1           0.02         1572.0            2.0
     143     155       1        0.00165        19144.0          0.165
     155     134       1       -0.01263         2501.0          1.263
     144     156       1        0.00165        19144.0          0.165
     156     135       1       -0.01263         2501.0          1.263
     157     146       1        0.02069         1525.0          2.069
     157     146       1        0.02069         1525.0          2.069
     157     158       1          0.074          427.0            7.4
     157     158       1           0.02         1572.0            2.0
     157     159       1         0.0082         3851.0           0.82
     157     159       1         0.0082         3851.0           0.82
     146     159       1         0.0082         3851.0           0.82
     146     159       1         0.0082         3851.0           0.82
     146     147       1         0.0082         3851.0           0.82
     146     147       1         0.0082         3851.0           0.82
     146     148       1        0.02258         1397.0          2.258
     158     148       1          0.074          427.0            7.4
     154     160       1           0.02         1572.0            2.0
     159     147       1        0.02408         1311.0          2.408
     159     161       1         0.0239         1321.0           2.39
     147     162       1        0.00165        17775.0          0.165
     162     132       1        0.01266         2491.0          1.266
     161     163       1           0.07          451.0            7.0
     164     160       1           0.02         1572.0            2.0
     165     166       1        0.02316         1363.0          2.316
     165     167       1         0.0046         6867.0           0.46
     165     168       1         0.0673          468.0           6.73
     166     167       1         0.0046         6867.0           0.46
     166     167       1         0.0046         6867.0           0.46
     166     169       1         0.0673          468.0           6.73
     166     169       1         0.0673          468.0           6.73
     170     171       1         0.0965          326.0           9.65
     170     172       1         0.0965          326.0           9.65
     173     148       1        0.01405         2231.0          1.405
     174     175       1          0.074          427.0            7.4
     171     175       1          0.025         1263.0            2.5
     174     176       1         0.0965          326.0           9.65
     174     176       1         0.0965          326.0           9.65
     174     177       1         0.0965          326.0           9.65
     178       8       1         0.0046         6867.0           0.46
     176     177       1         0.0965          326.0           9.65
     176     172       1         0.0965          326.0           9.65
     176     172       1         0.0965          326.0           9.65
     172     179       1         0.0965          326.0           9.65
     172     179       1         0.0965          326.0           9.65
     151     168       1         0.0673          468.0           6.73
     151     168       1         0.0673          468.0           6.73
     151      50       1         0.0965          326.0           9.65
     168      50       1         0.0673          468.0           6.73
      50      18       1         0.0965          326.0           9.65
     169     180       1        0.00332         7711.0          0.332
     169      51       1        0.00238         9952.0          0.238
     169     181       1        0.00226        11408.0          0.226
     169     181       1        0.00226        11408.0          0.226
     180     182       1         0.0602          523.0           6.02
     180     182       1         0.0537          586.0           5.37
     180      51       1        0.00225        11202.0          0.225
     180      51       1        0.00238         9952.0          0.238
     180      51       1        0.00225        11202.0          0.225
     180      51       1        0.00238         9952.0          0.238
     180     183       1         0.0172         1833.0           1.72
     180     181       1        0.00106        23786.0          0.106
     180     181       1        0.00106        23786.0          0.106
     182      51       1         0.0349          902.0           3.49
     182     184       1         0.0878          358.0           8.78
     182      18       1         0.0374          842.0           3.74
     182      18       1         0.0372          846.0           3.72
     182     183       1         0.0392          803.0           3.92
      51      18       1          0.034          924.0            3.4
      51      18       1         0.0349          902.0           3.49
      51       9       1         0.1369          231.0          13.69
       8       9       1         0.0046         6867.0           0.46
     136     113       1         0.0111         2817.0           1.11
     128     119       1        0.13702          229.0         13.702
     128     131       1        0.27403          115.0         27.403
     128     131       1        0.27403          115.0         27.403
     119     131       1        0.13702          229.0         13.702
       1       4       1          0.011         2872.0            1.1
       1       4       1          0.011         2872.0            1.1
       4     185       1         0.0138         2289.0           1.38
       4     185       1         0.0139         2272.0           1.39
      10       6       1         0.0146         2164.0           1.46
      10       6       1         0.0146         2164.0           1.46
      14      17       1         0.0072         4388.0           0.72
      11      21       1         0.0138         2289.0           1.38
      22      20       1         0.0138         2289.0           1.38
      26      24       1          0.005         6318.0            0.5
      26      24       1          0.005         6318.0            0.5
      19      25       1          0.005         6318.0            0.5
      19      25       1          0.005         6318.0            0.5
      31      43       1          0.005         6318.0            0.5
      32      44       1        0.01149         2750.0          1.149
      32      44       1        0.01149         2750.0          1.149
      32      44       1        0.01149         2750.0          1.149
      38      59       1        0.00115        27468.0          0.115
      33      45       1          0.005         6318.0            0.5
      33      45       1          0.005         6318.0            0.5
      33      45       1          0.005         6318.0            0.5
      48      57       1        0.01386         2279.0          1.386
      47      61       1        0.01386         2279.0          1.386
      47      61       1        0.01386         2279.0          1.386
      16      53       1        0.02338         1351.0          2.338
      52     186       1        0.01491         2117.0          1.491
      54     186       1        0.01491         2117.0          1.491
      67     186       1         0.0133         2375.0           1.33
      67     186       1         0.0134         2357.0           1.34
      69      74       1         0.0299         1056.0           2.99
      85      82       1         0.0174         1816.0           1.74
      85      82       1         0.0174         1816.0           1.74
      85      82       1         0.0174         1816.0           1.74
     101     187       1         0.0299         1056.0           2.99
     101     187       1         0.0299         1056.0           2.99
     104      94       1         0.0174         1816.0           1.74
     105     112       1         0.0174         1816.0           1.74
     105     112       1         0.0119         2655.0           1.19
     107      96       1         0.0174         1816.0           1.74
      86      89       1         0.0174         1816.0           1.74
      87      79       1         0.0174         1816.0           1.74
     114      80       1         0.0125         2527.0           1.25
     115     130       1         0.0174         1816.0           1.74
     116     127       1         0.0174         1816.0           1.74
     124     100       1         0.0299         1056.0           2.99
     120     102       1         0.0299         1056.0           2.99
     120     102       1         0.0299         1056.0           2.99
     117     150       1         0.0072         4388.0           0.72
     145     152       1        0.01181         2675.0          1.181
     145     152       1        0.00735         4298.0          0.735
     149     153       1        0.00221        14293.0          0.221
     158     154       1           0.01         3159.0            1.0
     163     164       1           0.01         3159.0            1.0
     140     165       1         0.0072         4388.0           0.72
     166     170       1         0.0181         1745.0           1.81
     173     174       1         0.0181         1745.0           1.81
     148     171       1         0.0181         1745.0           1.81
     167     176       1         0.0181         1745.0           1.81
     178     177       1         0.0181         1745.0           1.81
     151     187       1         0.0299         1056.0           2.99
     151     187       1         0.0299         1056.0           2.99
     169     179       1         0.0181         1745.0           1.81
     169     179       1         0.0181         1745.0           1.81
     184       7       1         0.0195         1620.0           1.95
     136     128       1         0.0174         1816.0           1.74
     113     131       1         0.0174         1816.0           1.74
       4     188       1         0.0005        63175.0           0.05
       5     189       1         0.0005        63175.0           0.05
      10     190       1         0.0005        63175.0           0.05
       3     191       1         0.0005        63175.0           0.05
      15     192       1         0.0005        63175.0           0.05
      17     193       1         0.0005        63175.0           0.05
      11     194       1         0.0005        63175.0           0.05
      23     195       1         0.0005        63175.0           0.05
      22     196       1         0.0005        63175.0           0.05
      27     197       1         0.0005        63175.0           0.05
      25     198       1         0.0005        63175.0           0.05
      41     199       1         0.0005        63175.0           0.05
      28     200       1         0.0005        63175.0           0.05
      49     201       1         0.0005        63175.0           0.05
      55     202       1         0.0005        63175.0           0.05
      63     203       1         0.0005        63175.0           0.05
      56     204       1         0.0005        63175.0           0.05
      57     205       1         0.0005        63175.0           0.05
      70     206       1         0.0005        63175.0           0.05
      75     207       1         0.0005        63175.0           0.05
      72     208       1         0.0005        63175.0           0.05
      82     209       1         0.0005        63175.0           0.05
      91     210       1         0.0005        63175.0           0.05
      95     211       1         0.0005        63175.0           0.05
      98     212       1         0.0005        63175.0           0.05
      99     213       1         0.0005        63175.0           0.05
     101     214       1         0.0005        63175.0           0.05
     103     215       1         0.0005        63175.0           0.05
     112     216       1         0.0005        63175.0           0.05
     111     217       1         0.0005        63175.0           0.05
      86     218       1         0.0005        63175.0           0.05
     127     219       1         0.0005        63175.0           0.05
      79     220       1         0.0005        63175.0           0.05
     117     221       1         0.0005        63175.0           0.05
     142     222       1         0.0005        63175.0           0.05
     152     223       1         0.0005        63175.0           0.05
     157     224       1         0.0005        63175.0           0.05
     146     225       1         0.0005        63175.0           0.05
     159     226       1         0.0005        63175.0           0.05
     147     227       1         0.0005        63175.0           0.05
     161     228       1         0.0005        63175.0           0.05
     163     229       1         0.0005        63175.0           0.05
     165     230       1         0.0005        63175.0           0.05
     173     231       1         0.0005        63175.0           0.05
     175     232       1         0.0005        63175.0           0.05
     176     233       1         0.0005        63175.0           0.05
     172     234       1         0.0005        63175.0           0.05
     168     235       1         0.0005        63175.0           0.05
     182     236       1         0.0005        63175.0           0.05
       8     237       1         0.0005        63175.0           0.05
       9     238       1         0.0005        63175.0           0.05
     128     239       1         0.0005        63175.0           0.05
     119     240       1         0.0005        63175.0           0.05

Generation and demand by bus: 189
Bus G D
       2            0.0       166.9882
       3            0.0         875.61
       4            0.0       226.8419
       5            0.0      1037.9499
       6            0.0       176.4436
       8            0.0      7453.9144
       9            0.0      2554.8345
      10            0.0      4527.3661
      11            0.0      6535.5365
      12            0.0      5366.6305
      14            0.0        17.5556
      15            0.0      2704.7793
      17            0.0       6235.136
      18            0.0        540.775
      20            0.0       843.2926
      22            0.0       281.1513
      23            0.0       2207.188
      24            0.0       1545.949
      27            0.0      1708.5525
      28            0.0      1845.9256
      29            0.0       1050.004
      30            0.0       882.3636
      31            0.0      1080.0201
      38            0.0       824.6826
      39            0.0       737.4036
      40            0.0      1576.7872
      41            0.0      1743.2768
      42            0.0       1732.771
      43            0.0      1601.7777
      44            0.0      1087.6239
      45            0.0      2369.1531
      47            0.0        99.2784
      49            0.0      2050.7816
      50            0.0          28.98
      51            0.0       296.9666
      55            0.0        99.2784
      56            0.0        99.2784
      57            0.0       120.1277
      58            0.0       881.2994
      60            0.0       134.0261
      61            0.0       801.9756
      62            0.0       120.1277
      63            0.0        99.2784
      64            0.0        317.693
      65            0.0       116.1565
      66            0.0       203.7206
      67            0.0       137.0047
      68            0.0       341.3057
      69            0.0       159.4648
      70            0.0       419.6109
      71            0.0       345.3259
      72            0.0       668.7879
      73            0.0       430.3196
      74            0.0       309.9718
      75            0.0       239.3018
      76            0.0       462.4769
      77            0.0       586.1795
      78            0.0       657.1046
      79            0.0       399.0618
      80            0.0       332.4879
      81            0.0       546.0609
      82            0.0       625.4106
      83            0.0       227.7536
      84            0.0       254.4589
      86            0.0       152.9913
      87            0.0       213.2478
      88            0.0       533.4822
      89            0.0       319.2809
      90            0.0       557.7071
      92            0.0        438.461
      93            0.0       448.8976
      94            0.0       223.6404
      95            0.0       515.9687
      96            0.0       238.1882
      97            0.0       461.3573
      98            0.0       625.0164
      99            0.0       104.8564
     101            0.0       317.0506
     102            0.0       267.3529
     103            0.0       191.2229
     111            0.0       289.5858
     112            0.0       499.3888
     118            0.0       200.2788
     119            0.0      3787.8915
     120            0.0       172.5018
     121            0.0        170.957
     122            0.0       184.5093
     123            0.0       241.8392
     124            0.0       233.1345
     125            0.0       174.5029
     126            0.0       155.0024
     127            0.0       150.8902
     128            0.0       652.6717
     129            0.0       329.5484
     130            0.0       253.4454
     131            0.0      1321.2379
     132            0.0      1014.5202
     137            0.0       168.6841
     141            0.0       270.4505
     142            0.0       480.1144
     146            0.0        480.649
     147            0.0      4558.2389
     148            0.0        88.7215
     150            0.0       285.1446
     151            0.0      1672.3727
     152            0.0      2208.7429
     153            0.0      3133.6101
     154            0.0      2527.7724
     157            0.0       995.0275
     158            0.0        11.6269
     159            0.0      5762.6589
     161            0.0      7574.0522
     162            0.0      4379.6262
     163            0.0      9003.9839
     164            0.0       615.2178
     165            0.0      1053.1441
     166            0.0        391.888
     167            0.0       516.3779
     168            0.0         2.1985
     169            0.0       195.5463
     170            0.0       1694.958
     171            0.0      1199.2957
     172            0.0        60.2324
     173            0.0         205.82
     174            0.0      1112.3464
     175            0.0       489.2825
     176            0.0       746.6019
     178            0.0       591.8185
     179            0.0      1946.0167
     180            0.0      1555.5773
     181            0.0         8.5932
     182            0.0       441.1533
     183            0.0       131.8343
     184            0.0         6.7947
     185            0.0      2153.3224
     186            0.0       235.4897
     187            0.0       272.5124
     188          357.0            0.0
     189          700.0            0.0
     190          120.0            0.0
     191          628.0            0.0
     192         1219.0            0.0
     193           37.5            0.0
     194           15.0            0.0
     195          349.5            0.0
     196           86.0            0.0
     197          250.0            0.0
     198          559.0            0.0
     199         1983.5            0.0
     200         1116.0            0.0
     201          950.0            0.0
     203         1346.0            0.0
     204          159.0            0.0
     205           55.0            0.0
     206           0.05            0.0
     207           13.0            0.0
     208          345.0            0.0
     209          106.5            0.0
     210          147.0            0.0
     211         1008.0            0.0
     212           15.0            0.0
     213           71.5            0.0
     214          127.5            0.0
     215         1133.5            0.0
     216          690.5            0.0
     217          510.5            0.0
     218          739.0            0.0
     219         1848.0            0.0
     220          146.5            0.0
     221          120.0            0.0
     222          488.0            0.0
     223          187.5            0.0
     224          120.0            0.0
     225           87.5            0.0
     226           23.5            0.0
     227          107.5            0.0
     228         4399.4            0.0
     229          270.5            0.0
     230          118.0            0.0
     231           70.0            0.0
     232           95.0            0.0
     233          124.0            0.0
     234          406.0            0.0
     235           25.0            0.0
     236           30.5            0.0
     237           0.05            0.0
     238          345.5            0.0
     239          786.0            0.0
     240          344.0            0.0
