Bus data: 197

Existing lines: 286
Bfr Bto Nc X Cap. Cost
       1       2       1        0.03711          160.0     0.0
       3       2       1        0.01711          115.0     0.0
       3       2       1        0.01497          119.0     0.0
       4       3       1        0.10293          218.0     0.0
       2       5       1        0.07216          122.0     0.0
       5       6       1        0.08545          122.0     0.0
       7       3       1        0.07024           85.0     0.0
       8       9       1        0.01505          207.0     0.0
      10       9       1        0.02495          114.0     0.0
      10      11       1        0.05988          117.0     0.0
      12      13       1        0.07127           97.0     0.0
      12      14       1        0.24271           93.0     0.0
      12      15       1        0.09062          215.0     0.0
      13      14       1        0.17625           91.0     0.0
      14      16       1        0.01038          118.0     0.0
      14       9       1        0.14605          117.0     0.0
      14      17       1        0.08498          117.0     0.0
      16      11       1        0.08411          115.0     0.0
       9      18       1        0.05041          178.0     0.0
       9      19       1        0.08317          148.0     0.0
       9      20       1        0.03444          178.0     0.0
       9      20       1        0.03264          166.0     0.0
      18      19       1        0.03281          117.0     0.0
      21       6       1         0.0796          117.0     0.0
       6      22       1        0.11777          118.0     0.0
      23      24       1         0.0098          118.0     0.0
      23      25       1         0.0167          100.0     0.0
      26      24       1        0.00942          119.0     0.0
      27      28       1        0.01895          138.0     0.0
      27      29       1        0.07281          161.0     0.0
      27      30       1        0.13795          138.0     0.0
      28      30       1        0.15997          135.0     0.0
      29      31       1         0.1343          148.0     0.0
      32      33       1        0.68675           46.0     0.0
      32      34       1          0.058           82.0     0.0
      32      35       1        0.05186           90.0     0.0
      36      37       1        0.06483          124.0     0.0
      36      35       1        0.05765          127.0     0.0
      37      35       1         0.1163          120.0     0.0
      38      39       1        0.07907          141.0     0.0
      38      35       1        0.18337           98.0     0.0
      38      39       1         0.0857          148.0     0.0
      38      35       1        0.17642           94.0     0.0
      40      41       1        0.05085          161.0     0.0
      40      37       1        0.15978           98.0     0.0
      42      43       1        0.01375          157.0     0.0
      42      43       1        0.01386          157.0     0.0
      42      43       1         0.0114          212.0     0.0
      42      44       1        0.02209          166.0     0.0
      42      45       1        0.04451          120.0     0.0
      42      46       1        0.05136          119.0     0.0
      42      39       1        0.05784          121.0     0.0
      43      44       1        0.01151          132.0     0.0
      43      47       1        0.52656           60.0     0.0
      43      39       1        0.06413          124.0     0.0
      44      41       1        0.01004          157.0     0.0
      41      48       1        0.04376          119.0     0.0
      41      49       1        0.07322          115.0     0.0
      41      50       1        0.01997          169.0     0.0
      41      51       1        0.01879          168.0     0.0
      52      50       1        0.01509          162.0     0.0
      53      51       1        0.01627          177.0     0.0
      54      48       1        0.18421           60.0     0.0
      48      55       1        0.66238           48.0     0.0
      56      45       1        0.01568          121.0     0.0
      56      46       1         0.0149          112.0     0.0
      45      57       1        0.06377          121.0     0.0
      46      58       1        0.04465           63.0     0.0
      58      57       1        0.06116           59.0     0.0
      57      59       1        0.05086           82.0     0.0
      60      59       1        0.01453          160.0     0.0
      39      35       1        0.27944           99.0     0.0
      61      62       1        0.01716          130.0     0.0
      61      62       1        0.02861          226.0     0.0
      63      64       1        0.01843          149.0     0.0
      64      65       1         0.1952          162.0     0.0
      37      64       1        0.15648          152.0     0.0
      64      66       1        4.03611            8.0     0.0
      64      62       1         0.1289          123.0     0.0
      64      62       1        0.11866          121.0     0.0
      64      67       1        0.24284           87.0     0.0
      62      30       1        0.02575          171.0     0.0
      62      30       1        0.02615          174.0     0.0
      67      68       1        0.16346           84.0     0.0
      69      70       1         0.0088          244.0     0.0
      69      61       1        0.01471          249.0     0.0
      71      72       1         0.0272          440.0     0.0
      73      72       1        0.02729          435.0     0.0
      74      72       1        0.01358          453.0     0.0
      75      72       1        0.04013          448.0     0.0
      72      76       1        0.06757          448.0     0.0
      72      76       1        0.06747          470.0     0.0
      77      76       1        0.03877          370.0     0.0
      76      78       1        0.20068          158.0     0.0
      79      76       1        0.01926          344.0     0.0
      76      14       1        0.14078          224.0     0.0
      76      80       1        0.05728          429.0     0.0
      76      80       1        0.05668          416.0     0.0
      76      81       1        0.07041          331.0     0.0
      80      82       1        0.04064          315.0     0.0
      80      82       1        0.04372          326.0     0.0
      83      84       1        0.02057          337.0     0.0
      83      85       1        0.06824          306.0     0.0
      83      86       1        0.03044          328.0     0.0
      83      86       1        0.02599          441.0     0.0
      84      85       1          0.052          330.0     0.0
      87      85       1        0.08934          412.0     0.0
      87      85       1        0.09384          401.0     0.0
      88      86       1        0.08246          393.0     0.0
      88      86       1         0.0796          389.0     0.0
      81      89       1        0.18298          173.0     0.0
      81      90       1        0.18472          171.0     0.0
      81      91       1        0.17545          180.0     0.0
      86      81       1        0.03767          456.0     0.0
      86      81       1        0.03777          461.0     0.0
      81      82       1        0.02707          323.0     0.0
      81      82       1         0.0279          322.0     0.0
      92      93       1        0.05655           17.0     0.0
      92      93       1        0.05709           17.0     0.0
      94      63       1        0.17761          178.0     0.0
      95      96       1        0.09768          322.0     0.0
      97      98       1        0.11768          268.0     0.0
      99     100       1        0.38636           82.0     0.0
      99     101       1        0.36919           86.0     0.0
       3     102       1        0.55219           58.0     0.0
       3     102       1        0.53539           59.0     0.0
       4     103       1        0.50262           63.0     0.0
       4     103       1        0.49532           64.0     0.0
       4     104       1        0.95087           34.0     0.0
       4     104       1        0.93393           34.0     0.0
       5     105       1        0.57554           55.0     0.0
       7     106       1        1.33068           24.0     0.0
       7     107       1        1.14805           28.0     0.0
      10     108       1        0.22645          140.0     0.0
      12     109       1        0.48698           65.0     0.0
      12     109       1        0.47401           67.0     0.0
      13     110       1        0.38446           82.0     0.0
      13     110       1        0.40539           78.0     0.0
      14     111       1        0.32397           98.0     0.0
      14     111       1        0.31119          102.0     0.0
      16     112       1        0.57136           56.0     0.0
      16     112       1        0.61349           52.0     0.0
      11     113       1        0.44526           71.0     0.0
      11     113       1         0.5451           58.0     0.0
      18     114       1        0.50029           64.0     0.0
      18     114       1        0.48753           65.0     0.0
      18     114       1         0.5336           60.0     0.0
      19     115       1        0.62532           51.0     0.0
      19     115       1        0.59272           54.0     0.0
      20     116       1        0.50869           63.0     0.0
      20     116       1        0.51558           62.0     0.0
      21     117       1        0.38609           82.0     0.0
      21     117       1        0.41631           76.0     0.0
      23     118       1        0.60758           52.0     0.0
      23     118       1        0.51212           62.0     0.0
      28     119       1        0.26813          118.0     0.0
      28     119       1        0.24846          127.0     0.0
      29     120       1        0.90981           35.0     0.0
     121      35       1        0.20424          155.0     0.0
     122      35       1        0.21291          149.0     0.0
      38     123       1        0.20066          158.0     0.0
      38     124       1        0.51458           62.0     0.0
      34     125       1        1.52533           21.0     0.0
      39     126       1        0.63613           50.0     0.0
      39     126       1        0.64502           49.0     0.0
      40     127       1        0.62546           51.0     0.0
      40     128       1        0.66241           48.0     0.0
      43     129       1        0.30512          104.0     0.0
      43     129       1        0.29834          106.0     0.0
      43     129       1        0.29785          107.0     0.0
      44     130       1        0.42256           75.0     0.0
      44     130       1        0.39263           81.0     0.0
      44     130       1        0.38676           82.0     0.0
      44     131       1        0.10122          313.0     0.0
      44     132       1        0.09664          327.0     0.0
      44     133       1        0.10144          312.0     0.0
      41     134       1        0.40071           79.0     0.0
      41     134       1        0.38807           82.0     0.0
      52     135       1        0.69179           46.0     0.0
      53     136       1        0.66543           48.0     0.0
      54     137       1        0.54585           58.0     0.0
      54     138       1        0.51142           62.0     0.0
      56     139       1        0.38243           83.0     0.0
      56     139       1        0.38169           83.0     0.0
      56     140       1        0.68919           46.0     0.0
      56     141       1        0.64307           50.0     0.0
      58     142       1        0.48548           66.0     0.0
      58     142       1        0.47465           67.0     0.0
     143     144       1        0.79659           40.0     0.0
      57     144       1           0.87           37.0     0.0
      60     145       1        0.99611           32.0     0.0
      60     145       1        1.00149           32.0     0.0
      49      55       1        0.64619           49.0     0.0
      39     146       1        0.62469           51.0     0.0
      39     146       1        0.62753           51.0     0.0
      61     147       1        0.18985          167.0     0.0
      61     148       1        0.17519          181.0     0.0
      61      92       1         0.5048           63.0     0.0
      61      92       1        0.49638           64.0     0.0
      61      92       1        0.50441           63.0     0.0
      64     149       1        0.52693           60.0     0.0
      64     149       1        0.53153           60.0     0.0
      62     150       1        0.49914           64.0     0.0
      62     150       1         0.5054           63.0     0.0
      67     151       1        0.46603           68.0     0.0
      69     152       1        0.49983           64.0     0.0
      69     152       1        0.52878           60.0     0.0
      30     153       1        0.45649           70.0     0.0
      30     153       1        0.56815           56.0     0.0
      15      97       1        0.16991          186.0     0.0
      15      96       1        0.23167          137.0     0.0
      61      93       1        0.50122           64.0     0.0
      61      93       1        0.49443           64.0     0.0
      68     154       1        0.91642           35.0     0.0
      68     154       1        0.90017           36.0     0.0
      50     155       1        0.38097           83.0     0.0
      51     156       1        0.38856           82.0     0.0
     157      59       1        0.56764           56.0     0.0
      31      99       1        0.15653          202.0     0.0
      31      99       1        0.16254          195.0     0.0
      71     158       1        0.10643          297.0     0.0
      73     159       1        0.10445          303.0     0.0
      74     160       1        0.19041          166.0     0.0
      72       2       1        0.10571          299.0     0.0
      72       2       1        0.10448          303.0     0.0
      77     161       1         0.2056          154.0     0.0
     162      76       1        0.10378          304.0     0.0
      79     163       1        0.33303           95.0     0.0
      76       9       1        0.08213          385.0     0.0
      76       9       1        0.08129          389.0     0.0
      80     164       1         0.0793          399.0     0.0
      80     165       1         0.1468          216.0     0.0
      23     166       1        0.36064           88.0     0.0
      23     167       1        0.22006          144.0     0.0
      23     168       1        0.39372           81.0     0.0
      23     169       1         0.3944           81.0     0.0
      80      23       1        0.08687          364.0     0.0
      80      23       1        0.08226          384.0     0.0
      80      26       1        0.07891          401.0     0.0
      83     170       1        0.39008           81.0     0.0
      83     171       1        0.40362           79.0     0.0
      83     172       1        0.20773          152.0     0.0
      83     173       1        0.36513           87.0     0.0
      83     174       1        0.37979           84.0     0.0
     175      84       1        0.29081          109.0     0.0
      87     176       1        0.09066          349.0     0.0
      87     177       1        0.09245          342.0     0.0
      87     178       1        0.08488          373.0     0.0
      85      42       1        0.08208          385.0     0.0
      85      42       1        0.08801          359.0     0.0
      85      42       1        0.08484          373.0     0.0
      85      42       1        0.08718          363.0     0.0
      88      41       1        0.08132          389.0     0.0
      88      41       1        0.07903          400.0     0.0
     179      81       1        0.17472          181.0     0.0
      81      64       1        0.08456          374.0     0.0
      82      62       1        0.08809          359.0     0.0
      82      62       1        0.08391          377.0     0.0
      35     180       1          0.334           95.0     0.0
      35     181       1        0.33165           96.0     0.0
      35     182       1        0.33059           96.0     0.0
      35     183       1        1.09808           29.0     0.0
     161     184       1        1.11623           28.0     0.0
     185     131       1        0.57555           55.0     0.0
     185     131       1        0.61286           52.0     0.0
     185     132       1        0.54729           58.0     0.0
     185     132       1        0.63202           50.0     0.0
     185     133       1        0.60096           53.0     0.0
     185     133       1        0.57316           56.0     0.0
      39     186       1        0.06525          484.0     0.0
     187     186       1        0.29921          106.0     0.0
     188     186       1        0.28911          110.0     0.0
      39     189       1        0.05478          576.0     0.0
     187     189       1        0.30731          103.0     0.0
     190     189       1        0.31044          102.0     0.0
      42     191       1        0.08036          394.0     0.0
     192     191       1        0.58896           54.0     0.0
     193     191       1         0.5737           56.0     0.0
      42     194       1        0.09668          327.0     0.0
     192     194       1        0.55122           58.0     0.0
     193     194       1        0.55257           58.0     0.0
     195      47       1        0.40007           79.0     0.0
     196      47       1        0.44509           71.0     0.0
     197      43       1        0.51987           61.0     0.0
     195     197       1        0.40214           79.0     0.0
     196     197       1        0.41984           76.0     0.0

Candidate lines: 286
Bfr Bto Nc X Cap. Cost
       1       2       1        0.03711          160.0        3.71058
       3       2       1        0.01711          115.0        1.71091
       3       2       1        0.01497          119.0        1.49698
       4       3       1        0.10293          218.0       10.29267
       2       5       1        0.07216          122.0        7.21554
       5       6       1        0.08545          122.0        8.54487
       7       3       1        0.07024           85.0        7.02444
       8       9       1        0.01505          207.0        1.50542
      10       9       1        0.02495          114.0        2.49472
      10      11       1        0.05988          117.0        5.98842
      12      13       1        0.07127           97.0        7.12716
      12      14       1        0.24271           93.0       24.27149
      12      15       1        0.09062          215.0        9.06217
      13      14       1        0.17625           91.0       17.62482
      14      16       1        0.01038          118.0        1.03769
      14       9       1        0.14605          117.0        14.6051
      14      17       1        0.08498          117.0        8.49837
      16      11       1        0.08411          115.0        8.41055
       9      18       1        0.05041          178.0        5.04077
       9      19       1        0.08317          148.0        8.31676
       9      20       1        0.03444          178.0        3.44386
       9      20       1        0.03264          166.0        3.26422
      18      19       1        0.03281          117.0        3.28106
      21       6       1         0.0796          117.0        7.96047
       6      22       1        0.11777          118.0       11.77738
      23      24       1         0.0098          118.0        0.97992
      23      25       1         0.0167          100.0        1.66973
      26      24       1        0.00942          119.0        0.94178
      27      28       1        0.01895          138.0        1.89508
      27      29       1        0.07281          161.0        7.28055
      27      30       1        0.13795          138.0       13.79526
      28      30       1        0.15997          135.0       15.99664
      29      31       1         0.1343          148.0       13.43016
      32      33       1        0.68675           46.0       68.67453
      32      34       1          0.058           82.0         5.8003
      32      35       1        0.05186           90.0        5.18558
      36      37       1        0.06483          124.0        6.48337
      36      35       1        0.05765          127.0        5.76456
      37      35       1         0.1163          120.0       11.62979
      38      39       1        0.07907          141.0          7.907
      38      35       1        0.18337           98.0       18.33683
      38      39       1         0.0857          148.0        8.56977
      38      35       1        0.17642           94.0       17.64183
      40      41       1        0.05085          161.0        5.08534
      40      37       1        0.15978           98.0       15.97803
      42      43       1        0.01375          157.0        1.37513
      42      43       1        0.01386          157.0        1.38602
      42      43       1         0.0114          212.0         1.1404
      42      44       1        0.02209          166.0        2.20931
      42      45       1        0.04451          120.0        4.45073
      42      46       1        0.05136          119.0        5.13598
      42      39       1        0.05784          121.0        5.78426
      43      44       1        0.01151          132.0        1.15138
      43      47       1        0.52656           60.0       52.65638
      43      39       1        0.06413          124.0        6.41314
      44      41       1        0.01004          157.0        1.00413
      41      48       1        0.04376          119.0        4.37558
      41      49       1        0.07322          115.0        7.32199
      41      50       1        0.01997          169.0        1.99697
      41      51       1        0.01879          168.0         1.8791
      52      50       1        0.01509          162.0        1.50897
      53      51       1        0.01627          177.0        1.62673
      54      48       1        0.18421           60.0        18.4205
      48      55       1        0.66238           48.0       66.23831
      56      45       1        0.01568          121.0        1.56785
      56      46       1         0.0149          112.0        1.49022
      45      57       1        0.06377          121.0        6.37682
      46      58       1        0.04465           63.0        4.46518
      58      57       1        0.06116           59.0        6.11633
      57      59       1        0.05086           82.0        5.08605
      60      59       1        0.01453          160.0        1.45342
      39      35       1        0.27944           99.0       27.94417
      61      62       1        0.01716          130.0        1.71649
      61      62       1        0.02861          226.0        2.86067
      63      64       1        0.01843          149.0         1.8429
      64      65       1         0.1952          162.0       19.51966
      37      64       1        0.15648          152.0       15.64771
      64      66       1        4.03611            8.0      403.61064
      64      62       1         0.1289          123.0       12.89004
      64      62       1        0.11866          121.0       11.86624
      64      67       1        0.24284           87.0       24.28381
      62      30       1        0.02575          171.0         2.5747
      62      30       1        0.02615          174.0        2.61527
      67      68       1        0.16346           84.0       16.34551
      69      70       1         0.0088          244.0        0.88016
      69      61       1        0.01471          249.0        1.47081
      71      72       1         0.0272          440.0        2.72014
      73      72       1        0.02729          435.0        2.72918
      74      72       1        0.01358          453.0        1.35834
      75      72       1        0.04013          448.0        4.01279
      72      76       1        0.06757          448.0        6.75741
      72      76       1        0.06747          470.0        6.74731
      77      76       1        0.03877          370.0        3.87733
      76      78       1        0.20068          158.0       20.06805
      79      76       1        0.01926          344.0        1.92589
      76      14       1        0.14078          224.0       14.07796
      76      80       1        0.05728          429.0        5.72761
      76      80       1        0.05668          416.0        5.66848
      76      81       1        0.07041          331.0        7.04095
      80      82       1        0.04064          315.0        4.06372
      80      82       1        0.04372          326.0        4.37176
      83      84       1        0.02057          337.0        2.05666
      83      85       1        0.06824          306.0        6.82359
      83      86       1        0.03044          328.0        3.04433
      83      86       1        0.02599          441.0        2.59923
      84      85       1          0.052          330.0        5.20012
      87      85       1        0.08934          412.0          8.934
      87      85       1        0.09384          401.0        9.38426
      88      86       1        0.08246          393.0        8.24582
      88      86       1         0.0796          389.0        7.96015
      81      89       1        0.18298          173.0       18.29776
      81      90       1        0.18472          171.0       18.47152
      81      91       1        0.17545          180.0       17.54504
      86      81       1        0.03767          456.0        3.76735
      86      81       1        0.03777          461.0        3.77673
      81      82       1        0.02707          323.0        2.70742
      81      82       1         0.0279          322.0        2.79027
      92      93       1        0.05655           17.0        5.65518
      92      93       1        0.05709           17.0        5.70861
      94      63       1        0.17761          178.0       17.76055
      95      96       1        0.09768          322.0        9.76792
      97      98       1        0.11768          268.0       11.76807
      99     100       1        0.38636           82.0       38.63586
      99     101       1        0.36919           86.0       36.91937
       3     102       1        0.55219           58.0       55.21898
       3     102       1        0.53539           59.0       53.53902
       4     103       1        0.50262           63.0       50.26231
       4     103       1        0.49532           64.0       49.53167
       4     104       1        0.95087           34.0       95.08692
       4     104       1        0.93393           34.0       93.39292
       5     105       1        0.57554           55.0       57.55431
       7     106       1        1.33068           24.0      133.06812
       7     107       1        1.14805           28.0      114.80548
      10     108       1        0.22645          140.0        22.6451
      12     109       1        0.48698           65.0       48.69818
      12     109       1        0.47401           67.0       47.40069
      13     110       1        0.38446           82.0        38.4457
      13     110       1        0.40539           78.0       40.53896
      14     111       1        0.32397           98.0       32.39652
      14     111       1        0.31119          102.0       31.11928
      16     112       1        0.57136           56.0       57.13596
      16     112       1        0.61349           52.0       61.34921
      11     113       1        0.44526           71.0       44.52632
      11     113       1         0.5451           58.0       54.50964
      18     114       1        0.50029           64.0       50.02904
      18     114       1        0.48753           65.0       48.75253
      18     114       1         0.5336           60.0       53.36041
      19     115       1        0.62532           51.0       62.53187
      19     115       1        0.59272           54.0       59.27168
      20     116       1        0.50869           63.0       50.86869
      20     116       1        0.51558           62.0       51.55811
      21     117       1        0.38609           82.0       38.60897
      21     117       1        0.41631           76.0       41.63114
      23     118       1        0.60758           52.0        60.7579
      23     118       1        0.51212           62.0       51.21177
      28     119       1        0.26813          118.0       26.81257
      28     119       1        0.24846          127.0       24.84627
      29     120       1        0.90981           35.0       90.98112
     121      35       1        0.20424          155.0       20.42414
     122      35       1        0.21291          149.0       21.29077
      38     123       1        0.20066          158.0       20.06591
      38     124       1        0.51458           62.0        51.4579
      34     125       1        1.52533           21.0      152.53341
      39     126       1        0.63613           50.0       63.61345
      39     126       1        0.64502           49.0       64.50208
      40     127       1        0.62546           51.0       62.54615
      40     128       1        0.66241           48.0        66.2409
      43     129       1        0.30512          104.0        30.5115
      43     129       1        0.29834          106.0       29.83368
      43     129       1        0.29785          107.0       29.78494
      44     130       1        0.42256           75.0       42.25635
      44     130       1        0.39263           81.0       39.26294
      44     130       1        0.38676           82.0       38.67583
      44     131       1        0.10122          313.0       10.12205
      44     132       1        0.09664          327.0        9.66365
      44     133       1        0.10144          312.0       10.14425
      41     134       1        0.40071           79.0       40.07145
      41     134       1        0.38807           82.0       38.80702
      52     135       1        0.69179           46.0       69.17859
      53     136       1        0.66543           48.0       66.54337
      54     137       1        0.54585           58.0       54.58475
      54     138       1        0.51142           62.0       51.14155
      56     139       1        0.38243           83.0       38.24277
      56     139       1        0.38169           83.0       38.16909
      56     140       1        0.68919           46.0       68.91871
      56     141       1        0.64307           50.0       64.30707
      58     142       1        0.48548           66.0       48.54769
      58     142       1        0.47465           67.0       47.46532
     143     144       1        0.79659           40.0       79.65947
      57     144       1           0.87           37.0       86.99992
      60     145       1        0.99611           32.0       99.61065
      60     145       1        1.00149           32.0      100.14867
      49      55       1        0.64619           49.0       64.61878
      39     146       1        0.62469           51.0        62.4686
      39     146       1        0.62753           51.0       62.75297
      61     147       1        0.18985          167.0       18.98517
      61     148       1        0.17519          181.0       17.51863
      61      92       1         0.5048           63.0       50.47998
      61      92       1        0.49638           64.0       49.63814
      61      92       1        0.50441           63.0       50.44126
      64     149       1        0.52693           60.0       52.69262
      64     149       1        0.53153           60.0       53.15294
      62     150       1        0.49914           64.0       49.91386
      62     150       1         0.5054           63.0        50.5398
      67     151       1        0.46603           68.0       46.60322
      69     152       1        0.49983           64.0       49.98316
      69     152       1        0.52878           60.0       52.87786
      30     153       1        0.45649           70.0       45.64931
      30     153       1        0.56815           56.0       56.81475
      15      97       1        0.16991          186.0       16.99131
      15      96       1        0.23167          137.0       23.16669
      61      93       1        0.50122           64.0       50.12241
      61      93       1        0.49443           64.0       49.44329
      68     154       1        0.91642           35.0       91.64249
      68     154       1        0.90017           36.0       90.01736
      50     155       1        0.38097           83.0       38.09658
      51     156       1        0.38856           82.0       38.85621
     157      59       1        0.56764           56.0       56.76413
      31      99       1        0.15653          202.0       15.65347
      31      99       1        0.16254          195.0       16.25408
      71     158       1        0.10643          297.0       10.64272
      73     159       1        0.10445          303.0        10.4454
      74     160       1        0.19041          166.0       19.04079
      72       2       1        0.10571          299.0       10.57084
      72       2       1        0.10448          303.0       10.44821
      77     161       1         0.2056          154.0       20.55999
     162      76       1        0.10378          304.0       10.37778
      79     163       1        0.33303           95.0       33.30255
      76       9       1        0.08213          385.0        8.21328
      76       9       1        0.08129          389.0        8.12903
      80     164       1         0.0793          399.0        7.93026
      80     165       1         0.1468          216.0       14.67997
      23     166       1        0.36064           88.0       36.06381
      23     167       1        0.22006          144.0       22.00639
      23     168       1        0.39372           81.0       39.37231
      23     169       1         0.3944           81.0       39.44036
      80      23       1        0.08687          364.0        8.68733
      80      23       1        0.08226          384.0        8.22551
      80      26       1        0.07891          401.0          7.891
      83     170       1        0.39008           81.0       39.00771
      83     171       1        0.40362           79.0       40.36154
      83     172       1        0.20773          152.0       20.77301
      83     173       1        0.36513           87.0       36.51341
      83     174       1        0.37979           84.0         37.979
     175      84       1        0.29081          109.0       29.08111
      87     176       1        0.09066          349.0        9.06622
      87     177       1        0.09245          342.0        9.24485
      87     178       1        0.08488          373.0        8.48818
      85      42       1        0.08208          385.0        8.20764
      85      42       1        0.08801          359.0        8.80053
      85      42       1        0.08484          373.0        8.48358
      85      42       1        0.08718          363.0        8.71837
      88      41       1        0.08132          389.0        8.13156
      88      41       1        0.07903          400.0        7.90253
     179      81       1        0.17472          181.0        17.4722
      81      64       1        0.08456          374.0        8.45585
      82      62       1        0.08809          359.0        8.80918
      82      62       1        0.08391          377.0        8.39131
      35     180       1          0.334           95.0       33.40048
      35     181       1        0.33165           96.0       33.16536
      35     182       1        0.33059           96.0       33.05862
      35     183       1        1.09808           29.0        109.808
     161     184       1        1.11623           28.0      111.62303
     185     131       1        0.57555           55.0       57.55488
     185     131       1        0.61286           52.0       61.28589
     185     132       1        0.54729           58.0       54.72942
     185     132       1        0.63202           50.0       63.20165
     185     133       1        0.60096           53.0       60.09579
     185     133       1        0.57316           56.0       57.31603
      39     186       1        0.06525          484.0         6.5247
     187     186       1        0.29921          106.0       29.92127
     188     186       1        0.28911          110.0       28.91103
      39     189       1        0.05478          576.0        5.47801
     187     189       1        0.30731          103.0       30.73141
     190     189       1        0.31044          102.0       31.04408
      42     191       1        0.08036          394.0        8.03595
     192     191       1        0.58896           54.0        58.8964
     193     191       1         0.5737           56.0       57.37023
      42     194       1        0.09668          327.0        9.66774
     192     194       1        0.55122           58.0       55.12215
     193     194       1        0.55257           58.0       55.25681
     195      47       1        0.40007           79.0       40.00738
     196      47       1        0.44509           71.0       44.50939
     197      43       1        0.51987           61.0       51.98674
     195     197       1        0.40214           79.0       40.21366
     196     197       1        0.41984           76.0        41.9836

Generation and demand by bus: 94
Bus G D
    2114           75.0            0.0
    2115           75.0            0.0
    2116           50.0            0.0
    2117           30.0            0.0
    2118           65.0        1.43784
    2119           20.0            0.0
    2123           40.0            0.0
    2124          100.0        5.34111
    2125           50.0            0.0
    2126           10.0            0.0
    2127           25.0            0.0
    2128           25.0            0.0
    2129           20.0            0.0
    2130           20.0            0.0
    2131           20.0            0.0
    2132           20.0            0.0
    2133           30.0            0.0
    2134           85.0            0.0
    2135           90.0            0.0
    2136           85.0            0.0
    2138           20.0            0.0
    2139           20.0            0.0
    2140           35.0            0.0
    2142           35.0            0.0
    2143           35.0            0.0
    2144           35.0            0.0
    2148           45.0            0.0
    2175            0.0      109.56074
    2199            0.0         4.1484
    2221            0.0       25.53318
    2226            0.0        0.84446
    2228            0.0        1.24575
    2234            0.0        6.30917
    2235            0.0        6.39435
    2250          275.0       761.8021
    2272            0.0        0.10004
    2273            0.0       19.95779
    2274            0.0       14.10491
    2275            0.0       11.18685
    2276            0.0        1.23311
    2277            0.0       38.26564
    2278            0.0       15.34797
    2279            0.0       28.12204
    2280            0.0        2.29267
    2282            0.0        0.59547
    2283            0.0        2.86565
    2284            0.0        0.10216
    2285            0.0       14.89397
    2286            0.0       12.79406
    2287            0.0       32.81643
    2288            0.0        4.96929
    2289            0.0       11.88899
    2290            0.0       35.35571
    2291            0.0       37.04878
    2292            0.0         9.2571
    2293            0.0        6.81969
    2295            0.0        1.12772
    2296            0.0        3.91796
    2297            0.0        0.09846
    2298            0.0        7.00533
    2299            0.0        4.76784
    2300            0.0        6.81738
    2301            0.0        6.35761
    2302            0.0       10.55584
    2303            0.0        7.95474
    2304            0.0        2.91459
    2305            0.0        3.20082
    2306            0.0         1.2307
    2307            0.0        1.22013
    2308            0.0        2.69741
    2309            0.0        3.66249
    2310            0.0        4.38783
    2311            0.0        11.3146
    2312            0.0        3.43739
    2313            0.0       12.75082
    2314            0.0       10.67504
    2315            0.0       29.58494
    2316            0.0        5.99216
    2317            0.0         9.0671
    2318            0.0       10.36757
    2320            0.0       16.14077
    2321            0.0        5.51217
    2322            0.0        0.26854
    2329           35.0            0.0
    2330           20.0            0.0
    2331           20.0            0.0
    2332           20.0            0.0
    2333           10.0            0.0
    2334           20.0            0.0
    2335           20.0            0.0
    2336            0.0       32.70331
    2337            0.0       49.53378
    2338            0.0         1.7113
    2339            0.0       15.71699
