Bus data: 73

Existing lines: 120
Bfr Bto Nc X Cap. Cost
       1       2       1          0.014          175.0     0.0
       1       3       1          0.211          175.0     0.0
       1       4       1          0.085          175.0     0.0
       2       5       1          0.127          175.0     0.0
       2       6       1          0.192          175.0     0.0
       3       7       1          0.119          175.0     0.0
       3       8       1          0.084          400.0     0.0
       5       7       1          0.104          175.0     0.0
       4       9       1          0.088          175.0     0.0
       6       9       1          0.061          175.0     0.0
      10      11       1          0.061          175.0     0.0
      10      12       1          0.161          175.0     0.0
      11       7       1          0.165          175.0     0.0
      11       9       1          0.165          175.0     0.0
       7      13       1          0.084          400.0     0.0
       7      14       1          0.084          400.0     0.0
       9      13       1          0.084          400.0     0.0
       9      14       1          0.084          400.0     0.0
      13      15       1          0.048          500.0     0.0
      13      16       1          0.042          500.0     0.0
      14      15       1          0.048          500.0     0.0
      14      17       1          0.097          500.0     0.0
      15      17       1          0.087          500.0     0.0
      15      18       1          0.075          500.0     0.0
      16      19       1          0.059          500.0     0.0
      20      19       1          0.017          500.0     0.0
      20      21       1          0.049          500.0     0.0
      20      21       1          0.049          500.0     0.0
      20       8       1          0.052          500.0     0.0
      19      22       1          0.026          500.0     0.0
      19      23       1          0.023          500.0     0.0
      22      24       1          0.014          500.0     0.0
      22      25       1          0.105          500.0     0.0
      24      21       1          0.026          500.0     0.0
      24      21       1          0.026          500.0     0.0
      23      26       1           0.04          500.0     0.0
      23      26       1           0.04          500.0     0.0
      26      17       1          0.022          500.0     0.0
      26      17       1          0.022          500.0     0.0
      21      25       1          0.068          500.0     0.0
      17      27       1          0.074          500.0     0.0
      28      29       1          0.014          175.0     0.0
      28      12       1          0.211          175.0     0.0
      28      30       1          0.085          175.0     0.0
      29      31       1          0.127          175.0     0.0
      29      32       1          0.192          175.0     0.0
      12      33       1          0.119          175.0     0.0
      12      34       1          0.084          400.0     0.0
      31      33       1          0.104          175.0     0.0
      30      35       1          0.088          175.0     0.0
      32      35       1          0.061          175.0     0.0
      36      37       1          0.061          175.0     0.0
      37      33       1          0.165          175.0     0.0
      37      35       1          0.165          175.0     0.0
      33      38       1          0.084          400.0     0.0
      33      39       1          0.084          400.0     0.0
      35      38       1          0.084          400.0     0.0
      35      39       1          0.084          400.0     0.0
      38      40       1          0.048          500.0     0.0
      38      41       1          0.042          500.0     0.0
      39      40       1          0.048          500.0     0.0
      39      42       1          0.097          500.0     0.0
      40      42       1          0.087          500.0     0.0
      41      43       1          0.059          500.0     0.0
      18      43       1          0.017          500.0     0.0
      18      44       1          0.049          500.0     0.0
      18      44       1          0.049          500.0     0.0
      18      34       1          0.052          500.0     0.0
      43      27       1          0.026          500.0     0.0
      43      45       1          0.023          500.0     0.0
      27      46       1          0.014          500.0     0.0
      27      47       1          0.105          500.0     0.0
      46      44       1          0.026          500.0     0.0
      46      44       1          0.026          500.0     0.0
      45      48       1           0.04          500.0     0.0
      45      48       1           0.04          500.0     0.0
      48      42       1          0.022          500.0     0.0
      48      42       1          0.022          500.0     0.0
      44      47       1          0.068          500.0     0.0
      49      50       1          0.014          175.0     0.0
      49      51       1          0.211          175.0     0.0
      49      52       1          0.085          175.0     0.0
      50      53       1          0.127          175.0     0.0
      50      54       1          0.192          175.0     0.0
      51      55       1          0.119          175.0     0.0
      51      56       1          0.084          400.0     0.0
      53      55       1          0.104          175.0     0.0
      52      57       1          0.088          175.0     0.0
      54      57       1          0.061          175.0     0.0
      58      59       1          0.061          175.0     0.0
      59      55       1          0.165          175.0     0.0
      59      57       1          0.165          175.0     0.0
      55      60       1          0.084          400.0     0.0
      55      61       1          0.084          400.0     0.0
      57      60       1          0.084          400.0     0.0
      57      61       1          0.084          400.0     0.0
      60      62       1          0.048          500.0     0.0
      60      63       1          0.042          500.0     0.0
      61      62       1          0.048          500.0     0.0
      61      64       1          0.097          500.0     0.0
      62      64       1          0.087          500.0     0.0
      63      65       1          0.059          500.0     0.0
      66      65       1          0.017          500.0     0.0
      66      67       1          0.049          500.0     0.0
      66      67       1          0.049          500.0     0.0
      66      56       1          0.052          500.0     0.0
      65      68       1          0.026          500.0     0.0
      65      69       1          0.023          500.0     0.0
      68      70       1          0.014          500.0     0.0
      68      71       1          0.105          500.0     0.0
      70      67       1          0.026          500.0     0.0
      70      67       1          0.026          500.0     0.0
      69      72       1           0.04          500.0     0.0
      69      72       1           0.04          500.0     0.0
      72      64       1          0.022          500.0     0.0
      72      64       1          0.022          500.0     0.0
      67      71       1          0.068          500.0     0.0
      73      21       1          0.097          500.0     0.0
      70      42       1          0.104          500.0     0.0
      64      73       1          0.009          722.0     0.0

Candidate lines: 120
Bfr Bto Nc X Cap. Cost
       1       2       1          0.014          175.0            1.4
       1       3       1          0.211          175.0           21.1
       1       4       1          0.085          175.0            8.5
       2       5       1          0.127          175.0           12.7
       2       6       1          0.192          175.0           19.2
       3       7       1          0.119          175.0           11.9
       3       8       1          0.084          400.0            8.4
       5       7       1          0.104          175.0           10.4
       4       9       1          0.088          175.0            8.8
       6       9       1          0.061          175.0            6.1
      10      11       1          0.061          175.0            6.1
      10      12       1          0.161          175.0           16.1
      11       7       1          0.165          175.0           16.5
      11       9       1          0.165          175.0           16.5
       7      13       1          0.084          400.0            8.4
       7      14       1          0.084          400.0            8.4
       9      13       1          0.084          400.0            8.4
       9      14       1          0.084          400.0            8.4
      13      15       1          0.048          500.0            4.8
      13      16       1          0.042          500.0            4.2
      14      15       1          0.048          500.0            4.8
      14      17       1          0.097          500.0            9.7
      15      17       1          0.087          500.0            8.7
      15      18       1          0.075          500.0            7.5
      16      19       1          0.059          500.0            5.9
      20      19       1          0.017          500.0            1.7
      20      21       1          0.049          500.0            4.9
      20      21       1          0.049          500.0            4.9
      20       8       1          0.052          500.0            5.2
      19      22       1          0.026          500.0            2.6
      19      23       1          0.023          500.0            2.3
      22      24       1          0.014          500.0            1.4
      22      25       1          0.105          500.0           10.5
      24      21       1          0.026          500.0            2.6
      24      21       1          0.026          500.0            2.6
      23      26       1           0.04          500.0            4.0
      23      26       1           0.04          500.0            4.0
      26      17       1          0.022          500.0            2.2
      26      17       1          0.022          500.0            2.2
      21      25       1          0.068          500.0            6.8
      17      27       1          0.074          500.0            7.4
      28      29       1          0.014          175.0            1.4
      28      12       1          0.211          175.0           21.1
      28      30       1          0.085          175.0            8.5
      29      31       1          0.127          175.0           12.7
      29      32       1          0.192          175.0           19.2
      12      33       1          0.119          175.0           11.9
      12      34       1          0.084          400.0            8.4
      31      33       1          0.104          175.0           10.4
      30      35       1          0.088          175.0            8.8
      32      35       1          0.061          175.0            6.1
      36      37       1          0.061          175.0            6.1
      37      33       1          0.165          175.0           16.5
      37      35       1          0.165          175.0           16.5
      33      38       1          0.084          400.0            8.4
      33      39       1          0.084          400.0            8.4
      35      38       1          0.084          400.0            8.4
      35      39       1          0.084          400.0            8.4
      38      40       1          0.048          500.0            4.8
      38      41       1          0.042          500.0            4.2
      39      40       1          0.048          500.0            4.8
      39      42       1          0.097          500.0            9.7
      40      42       1          0.087          500.0            8.7
      41      43       1          0.059          500.0            5.9
      18      43       1          0.017          500.0            1.7
      18      44       1          0.049          500.0            4.9
      18      44       1          0.049          500.0            4.9
      18      34       1          0.052          500.0            5.2
      43      27       1          0.026          500.0            2.6
      43      45       1          0.023          500.0            2.3
      27      46       1          0.014          500.0            1.4
      27      47       1          0.105          500.0           10.5
      46      44       1          0.026          500.0            2.6
      46      44       1          0.026          500.0            2.6
      45      48       1           0.04          500.0            4.0
      45      48       1           0.04          500.0            4.0
      48      42       1          0.022          500.0            2.2
      48      42       1          0.022          500.0            2.2
      44      47       1          0.068          500.0            6.8
      49      50       1          0.014          175.0            1.4
      49      51       1          0.211          175.0           21.1
      49      52       1          0.085          175.0            8.5
      50      53       1          0.127          175.0           12.7
      50      54       1          0.192          175.0           19.2
      51      55       1          0.119          175.0           11.9
      51      56       1          0.084          400.0            8.4
      53      55       1          0.104          175.0           10.4
      52      57       1          0.088          175.0            8.8
      54      57       1          0.061          175.0            6.1
      58      59       1          0.061          175.0            6.1
      59      55       1          0.165          175.0           16.5
      59      57       1          0.165          175.0           16.5
      55      60       1          0.084          400.0            8.4
      55      61       1          0.084          400.0            8.4
      57      60       1          0.084          400.0            8.4
      57      61       1          0.084          400.0            8.4
      60      62       1          0.048          500.0            4.8
      60      63       1          0.042          500.0            4.2
      61      62       1          0.048          500.0            4.8
      61      64       1          0.097          500.0            9.7
      62      64       1          0.087          500.0            8.7
      63      65       1          0.059          500.0            5.9
      66      65       1          0.017          500.0            1.7
      66      67       1          0.049          500.0            4.9
      66      67       1          0.049          500.0            4.9
      66      56       1          0.052          500.0            5.2
      65      68       1          0.026          500.0            2.6
      65      69       1          0.023          500.0            2.3
      68      70       1          0.014          500.0            1.4
      68      71       1          0.105          500.0           10.5
      70      67       1          0.026          500.0            2.6
      70      67       1          0.026          500.0            2.6
      69      72       1           0.04          500.0            4.0
      69      72       1           0.04          500.0            4.0
      72      64       1          0.022          500.0            2.2
      72      64       1          0.022          500.0            2.2
      67      71       1          0.068          500.0            6.8
      73      21       1          0.097          500.0            9.7
      70      42       1          0.104          500.0           10.4
      64      73       1          0.009          722.0            0.9

Generation and demand by bus: 60
Bus G D
       1           45.6          108.0
       2           45.6           97.0
       3            0.0          180.0
       4            0.0           71.0
       5            0.0           74.0
       6            0.0          136.0
       7            0.0          175.0
       9            0.0          195.0
      10           62.5          125.0
      11            0.0          171.0
      12            0.0          180.0
      15          133.0          265.0
      16            0.0          194.0
      17          245.0            0.0
      18         104.65          317.0
      19         104.65          100.0
      20         104.65          317.0
      21          250.0            0.0
      23            0.0          181.0
      24          250.0          333.0
      25           30.0            0.0
      26            0.0          128.0
      28           45.6          108.0
      29           45.6           97.0
      30            0.0           71.0
      31            0.0           74.0
      32            0.0          136.0
      33            0.0          175.0
      35            0.0          195.0
      36           62.5          125.0
      37            0.0          171.0
      40          133.0          265.0
      41            0.0          194.0
      42          245.0            0.0
      43         104.65          100.0
      44          250.0            0.0
      45            0.0          181.0
      46          250.0          333.0
      47           30.0            0.0
      48            0.0          128.0
      49           45.6          108.0
      50           45.6           97.0
      51            0.0          180.0
      52            0.0           71.0
      53            0.0           74.0
      54            0.0          136.0
      55            0.0          175.0
      57            0.0          195.0
      58           62.5          125.0
      59            0.0          171.0
      62          133.0          265.0
      63            0.0          194.0
      64          245.0            0.0
      65         104.65          100.0
      66         104.65          317.0
      67          250.0            0.0
      69            0.0          181.0
      70          250.0          333.0
      71           30.0            0.0
      72            0.0          128.0
