Bus data: 60

Existing lines: 88
Bfr Bto Nc X Cap. Cost
       1       3       1           0.07          175.0     0.0
       1       3       1           0.07          175.0     0.0
       2      24       1           0.09          175.0     0.0
       2      24       1           0.09          175.0     0.0
       3      24       1           0.05          175.0     0.0
       3      24       1           0.05          175.0     0.0
      25       4       1            0.2          175.0     0.0
      25       4       1            0.2          175.0     0.0
       5       7       1           0.06          175.0     0.0
       5       7       1           0.06          175.0     0.0
       5       9       1           0.12          175.0     0.0
       5       9       1           0.12          175.0     0.0
       6       8       1           0.28          175.0     0.0
       6       8       1           0.28          175.0     0.0
       6       9       1            0.3          175.0     0.0
       7       8       1           0.08          175.0     0.0
       7       8       1           0.08          175.0     0.0
      10      11       1           0.09          250.0     0.0
      10      11       1           0.09          250.0     0.0
      26      23       1          0.008          700.0     0.0
      26      27       1           0.06          700.0     0.0
      26      28       1           0.04          700.0     0.0
      26      12       1          0.045          700.0     0.0
      23      28       1          0.035          700.0     0.0
      23      12       1           0.05          700.0     0.0
      27      29       1           0.04          700.0     0.0
      27      30       1            0.1          700.0     0.0
      30      15       1          -0.04          700.0     0.0
      28      31       1           0.04          700.0     0.0
      28      31       1           0.04          700.0     0.0
      31      29       1           0.01          700.0     0.0
      31      32       1           0.08          700.0     0.0
      32      14       1          -0.04          700.0     0.0
      31      33       1           0.08          700.0     0.0
      33      14       1          -0.04          700.0     0.0
      29      34       1        0.06667          700.0     0.0
      34      15       1       -0.02667          700.0     0.0
      29      35       1           0.08          700.0     0.0
      35      36       1          -0.03          700.0     0.0
      14      36       1           0.03          700.0     0.0
      14      20       1          0.045          700.0     0.0
      15      16       1          0.015          700.0     0.0
      15      36       1           0.02          700.0     0.0
      16      36       1           0.01          700.0     0.0
      16      17       1           0.01          700.0     0.0
      16      18       1           0.02          700.0     0.0
      36      37       1           0.02          700.0     0.0
      36      37       1           0.02          700.0     0.0
      37      19       1           0.04          700.0     0.0
      37      19       1           0.04          700.0     0.0
      37      21       1           0.08          700.0     0.0
      17      18       1          0.015          700.0     0.0
      20      21       1           0.02          700.0     0.0
      21      22       1           0.03          700.0     0.0
      21      22       1           0.03          700.0     0.0
      12      13       1           0.03          700.0     0.0
      12      13       1           0.03          700.0     0.0
       2      38       1        0.01875          800.0     0.0
       3      39       1          0.025          600.0     0.0
      24      40       1        0.02143          700.0     0.0
      25      41       1          0.025          600.0     0.0
       4      42       1           0.06         1250.0     0.0
       6      43       1         0.0375          400.0     0.0
       7      44       1          0.075         1200.0     0.0
      11      45       1        0.01765          850.0     0.0
      26      46       1          0.015         1000.0     0.0
      23      47       1        0.01875          800.0     0.0
      27      48       1           0.05          300.0     0.0
      31      49       1        0.04286         1350.0     0.0
      14      50       1        0.03333          300.0     0.0
      15      51       1        0.02143          700.0     0.0
      18      52       1          0.025          600.0     0.0
      18      53       1          0.025          600.0     0.0
      19      54       1        0.02143          700.0     0.0
      19      55       1        0.02143          700.0     0.0
      21      56       1          0.025          600.0     0.0
      22      57       1          0.025          600.0     0.0
      22      58       1          0.025          600.0     0.0
      12      59       1           0.03          500.0     0.0
      13      60       1        0.00333         4500.0     0.0
      26       1       1          0.008         1250.0     0.0
      23       2       1          0.008         1250.0     0.0
      28       4       1          0.012          833.3     0.0
      31      10       1          0.012          833.3     0.0
      36       8       1           0.01         1000.0     0.0
      36       8       1           0.01         1000.0     0.0
      37       9       1           0.01         1000.0     0.0
      37       9       1           0.01         1000.0     0.0

Candidate lines: 88
Bfr Bto Nc X Cap. Cost
       1       3       1           0.07          175.0            7.0
       1       3       1           0.07          175.0            7.0
       2      24       1           0.09          175.0            9.0
       2      24       1           0.09          175.0            9.0
       3      24       1           0.05          175.0            5.0
       3      24       1           0.05          175.0            5.0
      25       4       1            0.2          175.0           20.0
      25       4       1            0.2          175.0           20.0
       5       7       1           0.06          175.0            6.0
       5       7       1           0.06          175.0            6.0
       5       9       1           0.12          175.0           12.0
       5       9       1           0.12          175.0           12.0
       6       8       1           0.28          175.0           28.0
       6       8       1           0.28          175.0           28.0
       6       9       1            0.3          175.0           30.0
       7       8       1           0.08          175.0            8.0
       7       8       1           0.08          175.0            8.0
      10      11       1           0.09          250.0            9.0
      10      11       1           0.09          250.0            9.0
      26      23       1          0.008          700.0            0.8
      26      27       1           0.06          700.0            6.0
      26      28       1           0.04          700.0            4.0
      26      12       1          0.045          700.0            4.5
      23      28       1          0.035          700.0            3.5
      23      12       1           0.05          700.0            5.0
      27      29       1           0.04          700.0            4.0
      27      30       1            0.1          700.0           10.0
      30      15       1          -0.04          700.0            4.0
      28      31       1           0.04          700.0            4.0
      28      31       1           0.04          700.0            4.0
      31      29       1           0.01          700.0            1.0
      31      32       1           0.08          700.0            8.0
      32      14       1          -0.04          700.0            4.0
      31      33       1           0.08          700.0            8.0
      33      14       1          -0.04          700.0            4.0
      29      34       1        0.06667          700.0         6.6669
      34      15       1       -0.02667          700.0         2.6669
      29      35       1           0.08          700.0            8.0
      35      36       1          -0.03          700.0            3.0
      14      36       1           0.03          700.0            3.0
      14      20       1          0.045          700.0            4.5
      15      16       1          0.015          700.0            1.5
      15      36       1           0.02          700.0            2.0
      16      36       1           0.01          700.0            1.0
      16      17       1           0.01          700.0            1.0
      16      18       1           0.02          700.0            2.0
      36      37       1           0.02          700.0            2.0
      36      37       1           0.02          700.0            2.0
      37      19       1           0.04          700.0            4.0
      37      19       1           0.04          700.0            4.0
      37      21       1           0.08          700.0            8.0
      17      18       1          0.015          700.0            1.5
      20      21       1           0.02          700.0            2.0
      21      22       1           0.03          700.0            3.0
      21      22       1           0.03          700.0            3.0
      12      13       1           0.03          700.0            3.0
      12      13       1           0.03          700.0            3.0
       2      38       1        0.01875          800.0          1.875
       3      39       1          0.025          600.0            2.5
      24      40       1        0.02143          700.0         2.1429
      25      41       1          0.025          600.0            2.5
       4      42       1           0.06         1250.0            6.0
       6      43       1         0.0375          400.0           3.75
       7      44       1          0.075         1200.0            7.5
      11      45       1        0.01765          850.0         1.7647
      26      46       1          0.015         1000.0            1.5
      23      47       1        0.01875          800.0          1.875
      27      48       1           0.05          300.0            5.0
      31      49       1        0.04286         1350.0         4.2857
      14      50       1        0.03333          300.0         3.3333
      15      51       1        0.02143          700.0         2.1429
      18      52       1          0.025          600.0            2.5
      18      53       1          0.025          600.0            2.5
      19      54       1        0.02143          700.0         2.1429
      19      55       1        0.02143          700.0         2.1429
      21      56       1          0.025          600.0            2.5
      22      57       1          0.025          600.0            2.5
      22      58       1          0.025          600.0            2.5
      12      59       1           0.03          500.0            3.0
      13      60       1        0.00333         4500.0         0.3333
      26       1       1          0.008         1250.0            0.8
      23       2       1          0.008         1250.0            0.8
      28       4       1          0.012          833.3            1.2
      31      10       1          0.012          833.3            1.2
      36       8       1           0.01         1000.0            1.0
      36       8       1           0.01         1000.0            1.0
      37       9       1           0.01         1000.0            1.0
      37       9       1           0.01         1000.0            1.0

Generation and demand by bus: 44
Bus G D
       1            0.0          200.0
       2            0.0          300.0
       3            0.0          100.0
       4            0.0          280.0
       5            0.0       402.2198
       6            0.0       201.2099
       7            0.0       154.2076
       8            0.0       536.4263
       9            0.0       469.4231
      10            0.0          100.0
      11            0.0          200.0
      12            0.0          300.0
      13            0.0         2000.0
      14            0.0       362.0178
      15            0.0       268.2132
      16            0.0       603.4296
      17            0.0       469.4231
      18            0.0        67.0033
      19            0.0       536.4263
      20            0.0          500.0
      21            0.0          300.0
      22            0.0          590.0
      38          365.0            0.0
      39          275.0            0.0
      40          320.0            0.0
      41          275.0            0.0
      42          242.5            0.0
      43          285.0            0.0
      44          195.0            0.0
      45          487.5            0.0
      46          455.0            0.0
      47          365.0            0.0
      48          290.0            0.0
      49          292.5            0.0
      51          320.0            0.0
      52         1405.0            0.0
      53          275.0            0.0
      54          320.0            0.0
      55          320.0            0.0
      56          275.0            0.0
      57          275.0            0.0
      58          275.0            0.0
      59          285.0            0.0
      60         2255.0            0.0
