Bus data: 89

Existing lines: 210
Bfr Bto Nc X Cap. Cost
       1       2       1        0.00905         1205.0     0.0
       3       4       1        0.02296          909.0     0.0
       5       6       1        0.05899          521.0     0.0
       6       7       1        0.07168          415.0     0.0
       8       9       1        0.00465         1600.0     0.0
       8      10       1        0.01124         1633.0     0.0
       8      11       1        0.00527         1567.0     0.0
       8      12       1        0.00938         1600.0     0.0
      13      14       1         0.0035         8992.0     0.0
      13      15       1        4.41471            8.0     0.0
      13      16       1         0.0916          337.0     0.0
      13      17       1        4.76844            7.0     0.0
      13      18       1        0.08948          339.0     0.0
      13      19       1        0.01189          319.0     0.0
      13      20       1          1.944           16.0     0.0
      14      16       1        0.54676           56.0     0.0
      14      18       1        0.58062           53.0     0.0
      14      19       1        0.06821          446.0     0.0
      21      22       1        0.00386         1435.0     0.0
      21      23       1        0.01138         1468.0     0.0
      21      24       1        0.00325         1435.0     0.0
      21      25       1        0.00339         1600.0     0.0
      15      26       1        0.15887          199.0     0.0
      26      27       1        0.00022       142286.0     0.0
      18      26       1        7.13067            5.0     0.0
      28      26       1        1.07591           29.0     0.0
      29      26       1        0.18612          162.0     0.0
      30      26       1        4.34773            7.0     0.0
      31      26       1        1.06889           30.0     0.0
      32      26       1        0.08652          354.0     0.0
      33      26       1        4.49422            7.0     0.0
      34      26       1        0.02894         1068.0     0.0
      35      26       1        0.26095          121.0     0.0
      15      36       1        0.00022          319.0     0.0
      37      15       1        0.33738           94.0     0.0
      17      15       1        0.10048          305.0     0.0
      18      15       1         0.8648           37.0     0.0
      28      15       1        1.86209           17.0     0.0
      29      15       1        0.15319          192.0     0.0
      30      15       1        4.72578            6.0     0.0
      31      15       1        0.08244          373.0     0.0
      32      15       1        1.77756           18.0     0.0
      20      15       1        2.99258           11.0     0.0
      33      15       1        4.96444            6.0     0.0
      34      15       1        0.81742           37.0     0.0
      35      15       1        0.02961         1038.0     0.0
      36      37       1        0.02022         1545.0     0.0
      27      37       1        0.02026         1544.0     0.0
       4      38       1        0.00041          777.0     0.0
       4       2       1        0.01087         1303.0     0.0
       4      39       1        0.00046          777.0     0.0
       4       2       1        0.00924         1501.0     0.0
       5      40       1        2.63616           12.0     0.0
       5       7       1        0.12866          239.0     0.0
      22      41       1         0.0032         1665.0     0.0
      22      42       1        0.00489         1731.0     0.0
      24      41       1        0.00352         1600.0     0.0
      24      43       1        0.00454         1665.0     0.0
      44       2       1        0.00746         1633.0     0.0
      44      45       1        0.01022         1764.0     0.0
      45      46       1         0.0004         1501.0     0.0
      45      25       1        0.00698         1764.0     0.0
      23      47       1        0.00043         1600.0     0.0
      23      48       1        0.00309         1698.0     0.0
      49      41       1        0.00538         1633.0     0.0
      50      41       1        0.00548         1764.0     0.0
      50      51       1        0.00173         1863.0     0.0
      50      12       1        0.01471         1764.0     0.0
      49      41       1        0.00512         1797.0     0.0
      52      25       1        0.00248         1534.0     0.0
      17      37       1        0.02169          306.0     0.0
      53      12       1        0.00289         1665.0     0.0
      16      54       1        0.00022          358.0     0.0
      16      19       1        0.10047          310.0     0.0
      54      55       1        0.03998          780.0     0.0
      17      18       1        0.99333           32.0     0.0
      17      20       1        3.23231           10.0     0.0
      19      18       1        0.43592           63.0     0.0
      20      18       1        0.01145         2682.0     0.0
       2      56       1        0.00305         1600.0     0.0
       2      48       1        0.01255         1863.0     0.0
       2      57       1        0.00065         1435.0     0.0
       2      58       1        0.00063         1534.0     0.0
       2      59       1        0.00055         1764.0     0.0
       2      60       1        0.00968         1369.0     0.0
       2      61       1        0.00079        39828.0     0.0
      62      63       1        0.00022          397.0     0.0
      28      62       1        7.54533            5.0     0.0
      64      62       1        0.48249           63.0     0.0
      30      62       1        0.12368          254.0     0.0
      33      62       1        0.36342           86.0     0.0
      34      62       1        2.19689           14.0     0.0
      35      62       1        2.39587           13.0     0.0
      60      65       1        0.00213          777.0     0.0
      60      66       1        0.00884         1303.0     0.0
      19      67       1        0.00022          332.0     0.0
      68      51       1        0.00204         1797.0     0.0
      69      51       1        0.00208          777.0     0.0
      70      71       1        0.00022       142286.0     0.0
      28      70       1        0.09339          331.0     0.0
      29      70       1          7.408            5.0     0.0
      70      64       1        0.07292          431.0     0.0
      32      70       1        8.29556            4.0     0.0
      70      72       1        0.56822           56.0     0.0
      71      72       1        0.02624         1189.0     0.0
      73      74       1        0.00317         1271.0     0.0
      73      41       1        0.00498         1501.0     0.0
      75      41       1        0.00508         1731.0     0.0
      28      29       1        0.77307           41.0     0.0
      28      64       1        0.03761          817.0     0.0
      28      30       1        0.59871           53.0     0.0
      28      31       1        1.16036           28.0     0.0
      28      32       1        0.91573           35.0     0.0
      33      28       1        4.47911            7.0     0.0
      34      28       1        0.06327          492.0     0.0
      35      28       1        1.83911           17.0     0.0
      28      72       1        0.10076          307.0     0.0
      29      64       1        2.60471           12.0     0.0
      29      30       1          6.088            5.0     0.0
      29      31       1        0.04809          652.0     0.0
      29      32       1         0.0432          723.0     0.0
      33      29       1        6.76711            5.0     0.0
      34      29       1        1.21418           26.0     0.0
      35      29       1        0.04329          714.0     0.0
      29      72       1        5.23956            6.0     0.0
      40       7       1        0.01718         1817.0     0.0
      74      76       1        0.00694         1271.0     0.0
      74      41       1          0.008         1567.0     0.0
      64      77       1        0.00022       142286.0     0.0
      30      64       1        0.03063         1017.0     0.0
      31      64       1        3.81467            9.0     0.0
      32      64       1        2.61493           13.0     0.0
      33      64       1        0.71938           43.0     0.0
      34      64       1        2.10556           14.0     0.0
      35      64       1        4.29458            7.0     0.0
      72      64       1        0.16109          195.0     0.0
      76      78       1        0.00895         1830.0     0.0
      30      79       1        0.00022          319.0     0.0
      31      30       1          7.768            4.0     0.0
      33      30       1        0.15338          205.0     0.0
      34      30       1        0.65627           47.0     0.0
      35      30       1        0.89156           35.0     0.0
      41      10       1        0.00777         1633.0     0.0
      31      32       1        0.06189          509.0     0.0
      31      55       1        0.05932          520.0     0.0
      34      31       1        2.80262           12.0     0.0
      35      31       1        2.22044           15.0     0.0
      31      72       1        0.07282          432.0     0.0
      32      55       1        0.05538          547.0     0.0
      34      32       1        4.63378            7.0     0.0
      35      32       1        3.72964            9.0     0.0
      32      72       1        0.07415          424.0     0.0
      78      80       1        0.00362         1633.0     0.0
      48      81       1        0.00177         1600.0     0.0
      20      82       1        0.00022       142286.0     0.0
      83      59       1        0.00022         1698.0     0.0
      34      33       1         0.1729          181.0     0.0
      33      35       1         0.1404          224.0     0.0
      34      35       1        0.03171          970.0     0.0
      72      84       1        0.00022          566.0     0.0
       3       6       1        0.06722          470.0     0.0
       3       6       1        0.06388          495.0     0.0
       8      14       1        0.04681          675.0     0.0
       8      13       1        0.04521          699.0     0.0
      85      13       1        5.10806            7.0     0.0
      21      26       1        0.03998          790.0     0.0
      21      36       1        0.04531          698.0     0.0
       4       5       1        0.06155          514.0     0.0
       5      62       1        7.76489            4.0     0.0
      52      37       1        0.04903          645.0     0.0
      53      54       1         0.0478          661.0     0.0
      46      18       1        0.05143          615.0     0.0
      47      17       1         0.0524          603.0     0.0
      85      18       1        0.06431          492.0     0.0
       2      63       1        0.04863          650.0     0.0
      40      62       1        0.08972          351.0     0.0
       7      62       1        0.04836          653.0     0.0
      11      67       1        0.04311          678.0     0.0
       9      19       1        0.04327          711.0     0.0
      68      70       1        0.04903          645.0     0.0
      73      29       1        0.04919          643.0     0.0
      75      28       1        0.05113          618.0     0.0
      65      40       1        0.03923          744.0     0.0
      40      64       1        1.19773           26.0     0.0
      40      30       1         0.2644          120.0     0.0
      40      33       1         0.7368           43.0     0.0
      40      34       1        3.64029            9.0     0.0
      40      35       1        4.45021            7.0     0.0
      74      64       1        0.04371          723.0     0.0
       7      64       1        2.31769           14.0     0.0
      76      30       1        0.04566          692.0     0.0
      76      79       1        0.05096          620.0     0.0
       7      30       1        0.55418           57.0     0.0
      41      31       1        0.04515          700.0     0.0
      41      32       1        0.04778          662.0     0.0
      85      20       1        0.27015          117.0     0.0
      56       7       1        0.05727          552.0     0.0
      56       7       1        0.05606          564.0     0.0
       7      33       1         1.2919           25.0     0.0
       7      34       1        7.26343            5.0     0.0
      10      55       1        0.05035          628.0     0.0
      81      20       1        0.04964          637.0     0.0
      81      86       1        0.04736          667.0     0.0
      83      33       1        0.04876          648.0     0.0
      66      87       1         0.0155         1698.0     0.0
      80      88       1        0.00963         1698.0     0.0
      43      35       1        0.04561          693.0     0.0
      42      34       1        0.04486          705.0     0.0
      51      84       1        0.04326          731.0     0.0
      89      51       1         0.0099         1698.0     0.0

Candidate lines: 210
Bfr Bto Nc X Cap. Cost
       1       2       1        0.00905         1205.0          0.905
       3       4       1        0.02296          909.0          2.296
       5       6       1        0.05899          521.0          5.899
       6       7       1        0.07168          415.0          7.168
       8       9       1        0.00465         1600.0          0.465
       8      10       1        0.01124         1633.0          1.124
       8      11       1        0.00527         1567.0          0.527
       8      12       1        0.00938         1600.0          0.938
      13      14       1         0.0035         8992.0         0.3502
      13      15       1        4.41471            8.0       441.4711
      13      16       1         0.0916          337.0           9.16
      13      17       1        4.76844            7.0       476.8444
      13      18       1        0.08948          339.0          8.948
      13      19       1        0.01189          319.0         1.1889
      13      20       1          1.944           16.0          194.4
      14      16       1        0.54676           56.0        54.6756
      14      18       1        0.58062           53.0        58.0622
      14      19       1        0.06821          446.0         6.8209
      21      22       1        0.00386         1435.0          0.386
      21      23       1        0.01138         1468.0          1.138
      21      24       1        0.00325         1435.0          0.325
      21      25       1        0.00339         1600.0          0.339
      15      26       1        0.15887          199.0        15.8871
      26      27       1        0.00022       142286.0         0.0222
      18      26       1        7.13067            5.0       713.0667
      28      26       1        1.07591           29.0       107.5911
      29      26       1        0.18612          162.0         18.612
      30      26       1        4.34773            7.0       434.7733
      31      26       1        1.06889           30.0       106.8889
      32      26       1        0.08652          354.0          8.652
      33      26       1        4.49422            7.0       449.4222
      34      26       1        0.02894         1068.0         2.8938
      35      26       1        0.26095          121.0        26.0951
      15      36       1        0.00022          319.0         0.0222
      37      15       1        0.33738           94.0        33.7378
      17      15       1        0.10048          305.0         10.048
      18      15       1         0.8648           37.0          86.48
      28      15       1        1.86209           17.0       186.2089
      29      15       1        0.15319          192.0        15.3191
      30      15       1        4.72578            6.0       472.5778
      31      15       1        0.08244          373.0          8.244
      32      15       1        1.77756           18.0       177.7556
      20      15       1        2.99258           11.0       299.2578
      33      15       1        4.96444            6.0       496.4444
      34      15       1        0.81742           37.0        81.7422
      35      15       1        0.02961         1038.0         2.9609
      36      37       1        0.02022         1545.0         2.0218
      27      37       1        0.02026         1544.0         2.0262
       4      38       1        0.00041          777.0          0.041
       4       2       1        0.01087         1303.0          1.087
       4      39       1        0.00046          777.0          0.046
       4       2       1        0.00924         1501.0          0.924
       5      40       1        2.63616           12.0       263.6157
       5       7       1        0.12866          239.0        12.8659
      22      41       1         0.0032         1665.0           0.32
      22      42       1        0.00489         1731.0          0.489
      24      41       1        0.00352         1600.0          0.352
      24      43       1        0.00454         1665.0          0.454
      44       2       1        0.00746         1633.0          0.746
      44      45       1        0.01022         1764.0          1.022
      45      46       1         0.0004         1501.0           0.04
      45      25       1        0.00698         1764.0          0.698
      23      47       1        0.00043         1600.0          0.043
      23      48       1        0.00309         1698.0          0.309
      49      41       1        0.00538         1633.0          0.538
      50      41       1        0.00548         1764.0          0.548
      50      51       1        0.00173         1863.0          0.173
      50      12       1        0.01471         1764.0          1.471
      49      41       1        0.00512         1797.0          0.512
      52      25       1        0.00248         1534.0          0.248
      17      37       1        0.02169          306.0         2.1689
      53      12       1        0.00289         1665.0          0.289
      16      54       1        0.00022          358.0         0.0222
      16      19       1        0.10047          310.0        10.0471
      54      55       1        0.03998          780.0         3.9982
      17      18       1        0.99333           32.0        99.3333
      17      20       1        3.23231           10.0       323.2311
      19      18       1        0.43592           63.0         43.592
      20      18       1        0.01145         2682.0         1.1449
       2      56       1        0.00305         1600.0          0.305
       2      48       1        0.01255         1863.0          1.255
       2      57       1        0.00065         1435.0          0.065
       2      58       1        0.00063         1534.0          0.063
       2      59       1        0.00055         1764.0          0.055
       2      60       1        0.00968         1369.0          0.968
       2      61       1        0.00079        39828.0          0.079
      62      63       1        0.00022          397.0         0.0222
      28      62       1        7.54533            5.0       754.5333
      64      62       1        0.48249           63.0        48.2489
      30      62       1        0.12368          254.0         12.368
      33      62       1        0.36342           86.0        36.3422
      34      62       1        2.19689           14.0       219.6889
      35      62       1        2.39587           13.0       239.5867
      60      65       1        0.00213          777.0          0.213
      60      66       1        0.00884         1303.0          0.884
      19      67       1        0.00022          332.0         0.0222
      68      51       1        0.00204         1797.0          0.204
      69      51       1        0.00208          777.0          0.208
      70      71       1        0.00022       142286.0         0.0222
      28      70       1        0.09339          331.0         9.3391
      29      70       1          7.408            5.0          740.8
      70      64       1        0.07292          431.0          7.292
      32      70       1        8.29556            4.0       829.5556
      70      72       1        0.56822           56.0        56.8222
      71      72       1        0.02624         1189.0          2.624
      73      74       1        0.00317         1271.0          0.317
      73      41       1        0.00498         1501.0          0.498
      75      41       1        0.00508         1731.0          0.508
      28      29       1        0.77307           41.0        77.3067
      28      64       1        0.03761          817.0         3.7609
      28      30       1        0.59871           53.0        59.8711
      28      31       1        1.16036           28.0       116.0356
      28      32       1        0.91573           35.0        91.5733
      33      28       1        4.47911            7.0       447.9111
      34      28       1        0.06327          492.0         6.3271
      35      28       1        1.83911           17.0       183.9111
      28      72       1        0.10076          307.0         10.076
      29      64       1        2.60471           12.0       260.4711
      29      30       1          6.088            5.0          608.8
      29      31       1        0.04809          652.0         4.8089
      29      32       1         0.0432          723.0           4.32
      33      29       1        6.76711            5.0       676.7111
      34      29       1        1.21418           26.0       121.4178
      35      29       1        0.04329          714.0         4.3289
      29      72       1        5.23956            6.0       523.9556
      40       7       1        0.01718         1817.0          1.718
      74      76       1        0.00694         1271.0          0.694
      74      41       1          0.008         1567.0            0.8
      64      77       1        0.00022       142286.0         0.0222
      30      64       1        0.03063         1017.0         3.0631
      31      64       1        3.81467            9.0       381.4667
      32      64       1        2.61493           13.0       261.4933
      33      64       1        0.71938           43.0        71.9378
      34      64       1        2.10556           14.0       210.5556
      35      64       1        4.29458            7.0       429.4578
      72      64       1        0.16109          195.0        16.1089
      76      78       1        0.00895         1830.0          0.895
      30      79       1        0.00022          319.0         0.0222
      31      30       1          7.768            4.0          776.8
      33      30       1        0.15338          205.0        15.3382
      34      30       1        0.65627           47.0        65.6267
      35      30       1        0.89156           35.0        89.1556
      41      10       1        0.00777         1633.0          0.777
      31      32       1        0.06189          509.0         6.1889
      31      55       1        0.05932          520.0          5.932
      34      31       1        2.80262           12.0       280.2622
      35      31       1        2.22044           15.0       222.0444
      31      72       1        0.07282          432.0         7.2822
      32      55       1        0.05538          547.0         5.5382
      34      32       1        4.63378            7.0       463.3778
      35      32       1        3.72964            9.0       372.9644
      32      72       1        0.07415          424.0         7.4151
      78      80       1        0.00362         1633.0          0.362
      48      81       1        0.00177         1600.0          0.177
      20      82       1        0.00022       142286.0         0.0222
      83      59       1        0.00022         1698.0          0.022
      34      33       1         0.1729          181.0        17.2902
      33      35       1         0.1404          224.0          14.04
      34      35       1        0.03171          970.0         3.1711
      72      84       1        0.00022          566.0         0.0222
       3       6       1        0.06722          470.0         6.7219
       3       6       1        0.06388          495.0          6.388
       8      14       1        0.04681          675.0         4.6809
       8      13       1        0.04521          699.0          4.521
      85      13       1        5.10806            7.0       510.8058
      21      26       1        0.03998          790.0         3.9982
      21      36       1        0.04531          698.0         4.5312
       4       5       1        0.06155          514.0         6.1549
       5      62       1        7.76489            4.0       776.4888
      52      37       1        0.04903          645.0         4.9031
      53      54       1         0.0478          661.0         4.7801
      46      18       1        0.05143          615.0          5.143
      47      17       1         0.0524          603.0         5.2399
      85      18       1        0.06431          492.0         6.4311
       2      63       1        0.04863          650.0         4.8632
      40      62       1        0.08972          351.0          8.972
       7      62       1        0.04836          653.0          4.836
      11      67       1        0.04311          678.0         4.3111
       9      19       1        0.04327          711.0         4.3272
      68      70       1        0.04903          645.0         4.9031
      73      29       1        0.04919          643.0         4.9192
      75      28       1        0.05113          618.0         5.1129
      65      40       1        0.03923          744.0         3.9229
      40      64       1        1.19773           26.0       119.7733
      40      30       1         0.2644          120.0          26.44
      40      33       1         0.7368           43.0        73.6798
      40      34       1        3.64029            9.0       364.0289
      40      35       1        4.45021            7.0       445.0207
      74      64       1        0.04371          723.0          4.371
       7      64       1        2.31769           14.0       231.7689
      76      30       1        0.04566          692.0         4.5662
      76      79       1        0.05096          620.0         5.0959
       7      30       1        0.55418           57.0        55.4178
      41      31       1        0.04515          700.0         4.5153
      41      32       1        0.04778          662.0         4.7778
      85      20       1        0.27015          117.0        27.0151
      56       7       1        0.05727          552.0          5.727
      56       7       1        0.05606          564.0         5.6059
       7      33       1         1.2919           25.0       129.1901
       7      34       1        7.26343            5.0        726.343
      10      55       1        0.05035          628.0         5.0352
      81      20       1        0.04964          637.0         4.9638
      81      86       1        0.04736          667.0          4.736
      83      33       1        0.04876          648.0         4.8759
      66      87       1         0.0155         1698.0         1.5499
      80      88       1        0.00963         1698.0          0.963
      43      35       1        0.04561          693.0         4.5609
      42      34       1        0.04486          705.0         4.4862
      51      84       1        0.04326          731.0          4.326
      89      51       1         0.0099         1698.0         0.9901

Generation and demand by bus: 39
Bus G D
       1            0.0         361.91
       4            0.0           37.0
       5            0.0          63.66
       6            0.0         355.98
       7            0.0          238.4
      13            0.0          118.4
      14            0.0          17.92
      15            0.0          226.3
      16            0.0          244.2
      18            0.0          326.9
      19            0.0         925.91
      20            0.0          222.7
      26            0.0          402.1
      28            0.0          531.7
      29            0.0          296.8
      30            0.0         637.92
      31            0.0          411.3
      32            0.0           96.7
      33            0.0          301.9
      34            0.0          390.5
      35            0.0          336.3
      40            0.0         347.61
      44            0.0          149.3
      45          400.0            0.0
      49       1133.335            0.0
      50         1000.0            0.0
      55            0.0          203.8
      57          400.0            0.0
      58          400.0            0.0
      59          800.0            0.0
      61        666.665            0.0
      62            0.0          295.3
      65        333.335            0.0
      67            0.0            8.6
      68       1333.335            0.0
      70            0.0          296.1
      71         14.155            0.0
      72            0.0          274.1
      86            0.0          39.34
