Bus data: 162

Existing lines: 284
Bfr Bto Nc X Cap. Cost
       1       2       1         0.0321          613.0     0.0
       1       3       1         0.0326          895.0     0.0
       1       4       1         0.0621          470.0     0.0
       1       5       1         0.0119          663.0     0.0
       1       6       1         0.0133          900.0     0.0
       2       7       1         0.0125          605.0     0.0
       2      13       1         0.0417          610.0     0.0
       3      14       1         1.0122           29.0     0.0
       3      50       1         0.1699          169.0     0.0
       3     103       1         1.8023           17.0     0.0
       3     123       1         1.6719           18.0     0.0
       3     124       1         0.6483           46.0     0.0
       3     125       1         0.1139          257.0     0.0
       4     112       1         0.0568          514.0     0.0
       4     115       1         0.0185          500.0     0.0
       4     119       1         0.0119          591.0     0.0
       5     120       1         0.0224          644.0     0.0
       5     129       1         0.0268          702.0     0.0
       5     131       1         0.0127          710.0     0.0
       7       8       1         0.0189          672.0     0.0
       7       9       1         0.0169          637.0     0.0
       8      10       1         1.0703           26.0     0.0
       8      12       1         0.0574          159.0     0.0
       8      13       1         0.4784           60.0     0.0
       8      14       1         0.3956           74.0     0.0
       8      15       1         1.7433           17.0     0.0
       8     132       1          0.288          102.0     0.0
       9      75       1          0.015          684.0     0.0
      10      11       1          0.037          366.0     0.0
      10      13       1          0.622           47.0     0.0
      10      15       1         0.7033           42.0     0.0
      10      60       1         1.2242           24.0     0.0
      11      15       1         0.1793          162.0     0.0
      11      46       1         0.1225          238.0     0.0
      11      58       1          0.107          271.0     0.0
      11      59       1         0.0471          350.0     0.0
      12       2       1         0.0377          336.0     0.0
      12      13       1         0.3137           89.0     0.0
      12      14       1         0.6415           45.0     0.0
      12     132       1         1.5773           18.0     0.0
      13      15       1         0.3227           91.0     0.0
      13      62       1         0.1221          240.0     0.0
      14      72       1         0.0828          264.0     0.0
      14     113       1         0.0382          235.0     0.0
      14     132       1         0.0374          244.0     0.0
      15      58       1         0.0732          344.0     0.0
      15      60       1         1.6753           18.0     0.0
      15      62       1         0.0588          359.0     0.0
      15      63       1         1.4555           21.0     0.0
      16      17       1         1.4373           19.0     0.0
      16      18       1          0.107          184.0     0.0
      16      27       1         0.8871           33.0     0.0
      16     126       1         0.5132           56.0     0.0
      16     127       1         0.5276           55.0     0.0
      17      18       1         0.1013          209.0     0.0
      17      19       1         0.7678           37.0     0.0
      17      21       1         0.2665          109.0     0.0
      17     127       1         0.2637          111.0     0.0
      18      30       1         0.1088          220.0     0.0
      18      32       1          0.122          219.0     0.0
      18      37       1         0.0456          225.0     0.0
      19      21       1         1.9005           16.0     0.0
      19      38       1          0.125          219.0     0.0
      19      43       1         0.2572          112.0     0.0
      19     127       1         0.6809           43.0     0.0
      20      53       1          0.114           75.0     0.0
      20     157       1         0.0279           44.0     0.0
      21      22       1         0.1629          177.0     0.0
      21     127       1         0.6414           46.0     0.0
      22      38       1          0.054          190.0     0.0
      22      39       1         0.0493          225.0     0.0
      22      40       1         0.0717          189.0     0.0
      22      41       1          0.085          213.0     0.0
      23      24       1         0.0511          167.0     0.0
      23      60       1         0.3093           93.0     0.0
      24      25       1          0.034          225.0     0.0
      24      28       1         0.0725          166.0     0.0
      24      45       1         0.0725          220.0     0.0
      25      26       1         0.0583          501.0     0.0
      25      27       1          0.041          618.0     0.0
      26      74       1         0.0607          481.0     0.0
      26      75       1         0.0322          661.0     0.0
      26      76       1         0.0082         1250.0     0.0
      27      31       1         0.1273          230.0     0.0
      27      62       1          0.581           51.0     0.0
      27      65       1         0.2764          107.0     0.0
      27     125       1         1.6845           18.0     0.0
      27     126       1         0.0225          646.0     0.0
      27     127       1         1.4355           21.0     0.0
      28      29       1         0.0965          193.0     0.0
      29      30       1           0.15          177.0     0.0
      29      31       1         0.0833          194.0     0.0
      30      32       1         0.1005          194.0     0.0
      32      33       1         0.0448          191.0     0.0
      33      34       1          0.114          180.0     0.0
      33      35       1          0.107          214.0     0.0
      33      36       1         0.0536          220.0     0.0
      34      40       1         0.1517          188.0     0.0
      34      77       1         0.0896          189.0     0.0
      35      40       1         0.1341          179.0     0.0
      36      67       1         0.0924          220.0     0.0
      37      39       1         0.0379          630.0     0.0
      37     126       1         0.0381          624.0     0.0
      37     127       1         0.0403          641.0     0.0
      39      42       1         0.0186          617.0     0.0
      40      81       1          0.345           81.0     0.0
      40      82       1          0.019          209.0     0.0
      41      81       1          0.372           79.0     0.0
      41      83       1         0.0256          213.0     0.0
      41      84       1          0.058          301.0     0.0
      42     109       1         0.0196          648.0     0.0
      43      44       1         0.0751          193.0     0.0
      43     103       1         0.1702          170.0     0.0
      43     124       1         0.1766          164.0     0.0
      43     125       1         0.6509           44.0     0.0
      44     102       1           0.05          180.0     0.0
      44     103       1          0.051          180.0     0.0
      45      54       1          0.057          220.0     0.0
      46      47       1         0.1378          177.0     0.0
      47      48       1         0.1114          177.0     0.0
      47      49       1          0.012          193.0     0.0
      48      50       1          0.166          174.0     0.0
      48      51       1           0.13          171.0     0.0
      48      52       1          0.168          167.0     0.0
      49      87       1          0.068          423.0     0.0
      50      51       1           0.09          168.0     0.0
      50     123       1         1.8543           16.0     0.0
      50     125       1         0.6031           48.0     0.0
      51     141       1            0.1          171.0     0.0
      52      79       1         0.2126          133.0     0.0
      52     106       1         0.0717          171.0     0.0
      52     116       1         0.0487          270.0     0.0
      52     117       1         0.0493          198.0     0.0
      52     118       1          0.052          200.0     0.0
      53      11       1           0.02          375.0     0.0
      53      54       1         0.1961          149.0     0.0
      53      55       1         0.0026          219.0     0.0
      54      56       1          0.091          219.0     0.0
      54      57       1         0.1237          213.0     0.0
      55      57       1         0.1763          161.0     0.0
      55     149       1         0.0671          202.0     0.0
      55     162       1         0.0189          209.0     0.0
      56      67       1         0.0894          220.0     0.0
      57      80       1         0.1037          180.0     0.0
      58      61       1         0.1018          276.0     0.0
      59      61       1         0.0706          351.0     0.0
      60      61       1         0.0653          100.0     0.0
      60      61       1         0.0393          200.0     0.0
      60      62       1          0.964           29.0     0.0
      60      65       1         0.4144           69.0     0.0
      60     126       1         1.8295           16.0     0.0
      61      62       1         0.2275          128.0     0.0
      61      63       1         0.0422          345.0     0.0
      62      63       1         0.1702          172.0     0.0
      62      65       1          0.074          396.0     0.0
      62     126       1         0.2969           99.0     0.0
      63      65       1           1.96           15.0     0.0
      64      65       1         0.0571          512.0     0.0
      64      66       1         0.0381          684.0     0.0
      65     126       1         0.1536          191.0     0.0
      66      11       1         0.0118          500.0     0.0
      67      68       1         0.1013          220.0     0.0
      68      69       1         0.0353          218.0     0.0
      69      77       1         0.0374          189.0     0.0
      69      78       1         0.0434          180.0     0.0
      69      79       1         0.0433          273.0     0.0
      70      73       1         0.0197          495.0     0.0
      70     149       1         0.0018          284.0     0.0
      70     149       1         0.0018          284.0     0.0
      71      85       1         0.1506          191.0     0.0
      71     150       1          0.097          213.0     0.0
      72     113       1          0.013          232.0     0.0
      72     132       1         0.0168          234.0     0.0
      72     152       1           0.18          160.0     0.0
      74     119       1          0.031          639.0     0.0
      75     128       1         0.0087          665.0     0.0
      75     130       1         0.0242          578.0     0.0
      78      79       1         0.0336          245.0     0.0
      78      80       1          0.093          180.0     0.0
      79      74       1          0.018          500.0     0.0
      82      83       1         0.0249          208.0     0.0
      84      93       1         0.0826          245.0     0.0
      85      86       1         0.1046          214.0     0.0
      86      87       1          0.112          255.0     0.0
      86      88       1          0.228          127.0     0.0
      88      96       1           0.25           48.0     0.0
      88     106       1         0.0468          173.0     0.0
      89      86       1          0.057           90.0     0.0
      89      90       1          0.134           69.0     0.0
      90      96       1          0.359           73.0     0.0
      91      92       1         0.0819          220.0     0.0
      91      93       1         0.0895          239.0     0.0
      91      94       1         0.0957          245.0     0.0
      92     102       1          0.061          194.0     0.0
      93      42       1          0.026          400.0     0.0
      93     108       1         0.0154          600.0     0.0
      94     103       1         0.1333          217.0     0.0
      94     107       1         0.1891          148.0     0.0
      94     109       1          0.035          300.0     0.0
      95      91       1         0.0458          250.0     0.0
      95      96       1          0.212          109.0     0.0
      95      97       1         0.2809           58.0     0.0
      95      98       1          0.043          168.0     0.0
      95      99       1         0.0685          150.0     0.0
      96     100       1          0.161           69.0     0.0
      96     101       1         0.1031           96.0     0.0
      97      44       1         0.1007           84.0     0.0
      98      93       1         0.0214          504.0     0.0
      98     105       1          0.293           69.0     0.0
     100     104       1          0.145           69.0     0.0
     103     123       1          0.751           38.0     0.0
     103     124       1         0.0167         1757.0     0.0
     103     125       1         0.1972          148.0     0.0
     104      34       1         0.0637          106.0     0.0
     105      38       1          0.116           45.0     0.0
     106     107       1         0.0611          171.0     0.0
     107     122       1         0.0621          210.0     0.0
     109     119       1         0.0577          506.0     0.0
     109     124       1         0.0222          671.0     0.0
     109     125       1          0.062          471.0     0.0
     110     111       1          0.099          180.0     0.0
     110     112       1         0.0185          500.0     0.0
     110     114       1         0.0768          150.0     0.0
     110     134       1         0.0256          268.0     0.0
     110     141       1         0.0649          171.0     0.0
     111     115       1         0.2215          129.0     0.0
     112     120       1         0.0044          601.0     0.0
     112     121       1          0.019          720.0     0.0
     113     132       1         0.2911          100.0     0.0
     113     134       1         0.0072          284.0     0.0
     115     117       1         0.0154          270.0     0.0
     116     117       1         0.0391          271.0     0.0
     116     119       1          0.009         1000.0     0.0
     116     147       1         0.0286          271.0     0.0
     117     147       1         0.0175          268.0     0.0
     120      14       1         0.0188          500.0     0.0
     120     128       1         0.0051          717.0     0.0
     120     129       1         0.0038          715.0     0.0
     122     123       1         0.0835          210.0     0.0
     123     125       1         0.2441          119.0     0.0
     124     125       1         0.1585          185.0     0.0
     124     126       1         0.8256           36.0     0.0
     125     126       1         0.5915           50.0     0.0
     126     127       1         0.7049           42.0     0.0
     128      72       1          0.018          500.0     0.0
     129     132       1         0.0198          500.0     0.0
     133     134       1          0.041          160.0     0.0
     133     135       1         0.0259           44.0     0.0
     133     136       1          0.099           39.0     0.0
     133     137       1         0.0504           60.0     0.0
     135     138       1         0.1182           39.0     0.0
     136     139       1          0.065           39.0     0.0
     137     140       1         0.0156           60.0     0.0
     138     110       1          0.041          160.0     0.0
     138     139       1          0.065           39.0     0.0
     138     140       1         0.0941           60.0     0.0
     138     145       1         0.2338           39.0     0.0
     142      51       1         0.1728           83.0     0.0
     142     143       1         0.3919           44.0     0.0
     142     146       1         0.3861           44.0     0.0
     143     144       1         0.2322           44.0     0.0
     144     141       1          0.082           80.0     0.0
     144     145       1          0.221           39.0     0.0
     144     146       1         0.2906           60.0     0.0
     148     116       1          0.041          160.0     0.0
     149      26       1         0.0386          300.0     0.0
     149      26       1         0.0386          300.0     0.0
     149     150       1         0.0085          276.0     0.0
     149     151       1         0.0262          247.0     0.0
     149     152       1         0.1168          207.0     0.0
     151     161       1         0.0138          244.0     0.0
     153      70       1         0.0916           93.0     0.0
     153      70       1         0.0916           93.0     0.0
     153     154       1         0.2841           50.0     0.0
     153     155       1         0.1856           66.0     0.0
     154     156       1         0.0379           50.0     0.0
     154     160       1         0.0429           50.0     0.0
     155     156       1         0.0822           66.0     0.0
     156     157       1         0.1273           33.0     0.0
     157      55       1         0.0827          150.0     0.0
     157     158       1         0.1404           50.0     0.0
     158     159       1         0.0664           50.0     0.0
     159     160       1         0.0811           50.0     0.0
     161     162       1         0.0103          208.0     0.0

Candidate lines: 284
Bfr Bto Nc X Cap. Cost
       1       2       1         0.0321          613.0           3.21
       1       3       1         0.0326          895.0           3.26
       1       4       1         0.0621          470.0           6.21
       1       5       1         0.0119          663.0           1.19
       1       6       1         0.0133          900.0           1.33
       2       7       1         0.0125          605.0           1.25
       2      13       1         0.0417          610.0           4.17
       3      14       1         1.0122           29.0         101.22
       3      50       1         0.1699          169.0          16.99
       3     103       1         1.8023           17.0         180.23
       3     123       1         1.6719           18.0         167.19
       3     124       1         0.6483           46.0          64.83
       3     125       1         0.1139          257.0          11.39
       4     112       1         0.0568          514.0           5.68
       4     115       1         0.0185          500.0           1.85
       4     119       1         0.0119          591.0           1.19
       5     120       1         0.0224          644.0           2.24
       5     129       1         0.0268          702.0           2.68
       5     131       1         0.0127          710.0           1.27
       7       8       1         0.0189          672.0           1.89
       7       9       1         0.0169          637.0           1.69
       8      10       1         1.0703           26.0         107.03
       8      12       1         0.0574          159.0           5.74
       8      13       1         0.4784           60.0          47.84
       8      14       1         0.3956           74.0          39.56
       8      15       1         1.7433           17.0         174.33
       8     132       1          0.288          102.0           28.8
       9      75       1          0.015          684.0            1.5
      10      11       1          0.037          366.0            3.7
      10      13       1          0.622           47.0           62.2
      10      15       1         0.7033           42.0          70.33
      10      60       1         1.2242           24.0         122.42
      11      15       1         0.1793          162.0          17.93
      11      46       1         0.1225          238.0          12.25
      11      58       1          0.107          271.0           10.7
      11      59       1         0.0471          350.0           4.71
      12       2       1         0.0377          336.0           3.77
      12      13       1         0.3137           89.0          31.37
      12      14       1         0.6415           45.0          64.15
      12     132       1         1.5773           18.0         157.73
      13      15       1         0.3227           91.0          32.27
      13      62       1         0.1221          240.0          12.21
      14      72       1         0.0828          264.0           8.28
      14     113       1         0.0382          235.0           3.82
      14     132       1         0.0374          244.0           3.74
      15      58       1         0.0732          344.0           7.32
      15      60       1         1.6753           18.0         167.53
      15      62       1         0.0588          359.0           5.88
      15      63       1         1.4555           21.0         145.55
      16      17       1         1.4373           19.0         143.73
      16      18       1          0.107          184.0           10.7
      16      27       1         0.8871           33.0          88.71
      16     126       1         0.5132           56.0          51.32
      16     127       1         0.5276           55.0          52.76
      17      18       1         0.1013          209.0          10.13
      17      19       1         0.7678           37.0          76.78
      17      21       1         0.2665          109.0          26.65
      17     127       1         0.2637          111.0          26.37
      18      30       1         0.1088          220.0          10.88
      18      32       1          0.122          219.0           12.2
      18      37       1         0.0456          225.0           4.56
      19      21       1         1.9005           16.0         190.05
      19      38       1          0.125          219.0           12.5
      19      43       1         0.2572          112.0          25.72
      19     127       1         0.6809           43.0          68.09
      20      53       1          0.114           75.0           11.4
      20     157       1         0.0279           44.0           2.79
      21      22       1         0.1629          177.0          16.29
      21     127       1         0.6414           46.0          64.14
      22      38       1          0.054          190.0            5.4
      22      39       1         0.0493          225.0           4.93
      22      40       1         0.0717          189.0           7.17
      22      41       1          0.085          213.0            8.5
      23      24       1         0.0511          167.0           5.11
      23      60       1         0.3093           93.0          30.93
      24      25       1          0.034          225.0            3.4
      24      28       1         0.0725          166.0           7.25
      24      45       1         0.0725          220.0           7.25
      25      26       1         0.0583          501.0           5.83
      25      27       1          0.041          618.0            4.1
      26      74       1         0.0607          481.0           6.07
      26      75       1         0.0322          661.0           3.22
      26      76       1         0.0082         1250.0           0.82
      27      31       1         0.1273          230.0          12.73
      27      62       1          0.581           51.0           58.1
      27      65       1         0.2764          107.0          27.64
      27     125       1         1.6845           18.0         168.45
      27     126       1         0.0225          646.0           2.25
      27     127       1         1.4355           21.0         143.55
      28      29       1         0.0965          193.0           9.65
      29      30       1           0.15          177.0           15.0
      29      31       1         0.0833          194.0           8.33
      30      32       1         0.1005          194.0          10.05
      32      33       1         0.0448          191.0           4.48
      33      34       1          0.114          180.0           11.4
      33      35       1          0.107          214.0           10.7
      33      36       1         0.0536          220.0           5.36
      34      40       1         0.1517          188.0          15.17
      34      77       1         0.0896          189.0           8.96
      35      40       1         0.1341          179.0          13.41
      36      67       1         0.0924          220.0           9.24
      37      39       1         0.0379          630.0           3.79
      37     126       1         0.0381          624.0           3.81
      37     127       1         0.0403          641.0           4.03
      39      42       1         0.0186          617.0           1.86
      40      81       1          0.345           81.0           34.5
      40      82       1          0.019          209.0            1.9
      41      81       1          0.372           79.0           37.2
      41      83       1         0.0256          213.0           2.56
      41      84       1          0.058          301.0            5.8
      42     109       1         0.0196          648.0           1.96
      43      44       1         0.0751          193.0           7.51
      43     103       1         0.1702          170.0          17.02
      43     124       1         0.1766          164.0          17.66
      43     125       1         0.6509           44.0          65.09
      44     102       1           0.05          180.0            5.0
      44     103       1          0.051          180.0            5.1
      45      54       1          0.057          220.0            5.7
      46      47       1         0.1378          177.0          13.78
      47      48       1         0.1114          177.0          11.14
      47      49       1          0.012          193.0            1.2
      48      50       1          0.166          174.0           16.6
      48      51       1           0.13          171.0           13.0
      48      52       1          0.168          167.0           16.8
      49      87       1          0.068          423.0            6.8
      50      51       1           0.09          168.0            9.0
      50     123       1         1.8543           16.0         185.43
      50     125       1         0.6031           48.0          60.31
      51     141       1            0.1          171.0           10.0
      52      79       1         0.2126          133.0          21.26
      52     106       1         0.0717          171.0           7.17
      52     116       1         0.0487          270.0           4.87
      52     117       1         0.0493          198.0           4.93
      52     118       1          0.052          200.0            5.2
      53      11       1           0.02          375.0            2.0
      53      54       1         0.1961          149.0          19.61
      53      55       1         0.0026          219.0           0.26
      54      56       1          0.091          219.0            9.1
      54      57       1         0.1237          213.0          12.37
      55      57       1         0.1763          161.0          17.63
      55     149       1         0.0671          202.0           6.71
      55     162       1         0.0189          209.0           1.89
      56      67       1         0.0894          220.0           8.94
      57      80       1         0.1037          180.0          10.37
      58      61       1         0.1018          276.0          10.18
      59      61       1         0.0706          351.0           7.06
      60      61       1         0.0653          100.0           6.53
      60      61       1         0.0393          200.0           3.93
      60      62       1          0.964           29.0           96.4
      60      65       1         0.4144           69.0          41.44
      60     126       1         1.8295           16.0         182.95
      61      62       1         0.2275          128.0          22.75
      61      63       1         0.0422          345.0           4.22
      62      63       1         0.1702          172.0          17.02
      62      65       1          0.074          396.0            7.4
      62     126       1         0.2969           99.0          29.69
      63      65       1           1.96           15.0          196.0
      64      65       1         0.0571          512.0           5.71
      64      66       1         0.0381          684.0           3.81
      65     126       1         0.1536          191.0          15.36
      66      11       1         0.0118          500.0           1.18
      67      68       1         0.1013          220.0          10.13
      68      69       1         0.0353          218.0           3.53
      69      77       1         0.0374          189.0           3.74
      69      78       1         0.0434          180.0           4.34
      69      79       1         0.0433          273.0           4.33
      70      73       1         0.0197          495.0           1.97
      70     149       1         0.0018          284.0           0.18
      70     149       1         0.0018          284.0           0.18
      71      85       1         0.1506          191.0          15.06
      71     150       1          0.097          213.0            9.7
      72     113       1          0.013          232.0            1.3
      72     132       1         0.0168          234.0           1.68
      72     152       1           0.18          160.0           18.0
      74     119       1          0.031          639.0            3.1
      75     128       1         0.0087          665.0           0.87
      75     130       1         0.0242          578.0           2.42
      78      79       1         0.0336          245.0           3.36
      78      80       1          0.093          180.0            9.3
      79      74       1          0.018          500.0            1.8
      82      83       1         0.0249          208.0           2.49
      84      93       1         0.0826          245.0           8.26
      85      86       1         0.1046          214.0          10.46
      86      87       1          0.112          255.0           11.2
      86      88       1          0.228          127.0           22.8
      88      96       1           0.25           48.0           25.0
      88     106       1         0.0468          173.0           4.68
      89      86       1          0.057           90.0            5.7
      89      90       1          0.134           69.0           13.4
      90      96       1          0.359           73.0           35.9
      91      92       1         0.0819          220.0           8.19
      91      93       1         0.0895          239.0           8.95
      91      94       1         0.0957          245.0           9.57
      92     102       1          0.061          194.0            6.1
      93      42       1          0.026          400.0            2.6
      93     108       1         0.0154          600.0           1.54
      94     103       1         0.1333          217.0          13.33
      94     107       1         0.1891          148.0          18.91
      94     109       1          0.035          300.0            3.5
      95      91       1         0.0458          250.0           4.58
      95      96       1          0.212          109.0           21.2
      95      97       1         0.2809           58.0          28.09
      95      98       1          0.043          168.0            4.3
      95      99       1         0.0685          150.0           6.85
      96     100       1          0.161           69.0           16.1
      96     101       1         0.1031           96.0          10.31
      97      44       1         0.1007           84.0          10.07
      98      93       1         0.0214          504.0           2.14
      98     105       1          0.293           69.0           29.3
     100     104       1          0.145           69.0           14.5
     103     123       1          0.751           38.0           75.1
     103     124       1         0.0167         1757.0           1.67
     103     125       1         0.1972          148.0          19.72
     104      34       1         0.0637          106.0           6.37
     105      38       1          0.116           45.0           11.6
     106     107       1         0.0611          171.0           6.11
     107     122       1         0.0621          210.0           6.21
     109     119       1         0.0577          506.0           5.77
     109     124       1         0.0222          671.0           2.22
     109     125       1          0.062          471.0            6.2
     110     111       1          0.099          180.0            9.9
     110     112       1         0.0185          500.0           1.85
     110     114       1         0.0768          150.0           7.68
     110     134       1         0.0256          268.0           2.56
     110     141       1         0.0649          171.0           6.49
     111     115       1         0.2215          129.0          22.15
     112     120       1         0.0044          601.0           0.44
     112     121       1          0.019          720.0            1.9
     113     132       1         0.2911          100.0          29.11
     113     134       1         0.0072          284.0           0.72
     115     117       1         0.0154          270.0           1.54
     116     117       1         0.0391          271.0           3.91
     116     119       1          0.009         1000.0            0.9
     116     147       1         0.0286          271.0           2.86
     117     147       1         0.0175          268.0           1.75
     120      14       1         0.0188          500.0           1.88
     120     128       1         0.0051          717.0           0.51
     120     129       1         0.0038          715.0           0.38
     122     123       1         0.0835          210.0           8.35
     123     125       1         0.2441          119.0          24.41
     124     125       1         0.1585          185.0          15.85
     124     126       1         0.8256           36.0          82.56
     125     126       1         0.5915           50.0          59.15
     126     127       1         0.7049           42.0          70.49
     128      72       1          0.018          500.0            1.8
     129     132       1         0.0198          500.0           1.98
     133     134       1          0.041          160.0            4.1
     133     135       1         0.0259           44.0           2.59
     133     136       1          0.099           39.0            9.9
     133     137       1         0.0504           60.0           5.04
     135     138       1         0.1182           39.0          11.82
     136     139       1          0.065           39.0            6.5
     137     140       1         0.0156           60.0           1.56
     138     110       1          0.041          160.0            4.1
     138     139       1          0.065           39.0            6.5
     138     140       1         0.0941           60.0           9.41
     138     145       1         0.2338           39.0          23.38
     142      51       1         0.1728           83.0          17.28
     142     143       1         0.3919           44.0          39.19
     142     146       1         0.3861           44.0          38.61
     143     144       1         0.2322           44.0          23.22
     144     141       1          0.082           80.0            8.2
     144     145       1          0.221           39.0           22.1
     144     146       1         0.2906           60.0          29.06
     148     116       1          0.041          160.0            4.1
     149      26       1         0.0386          300.0           3.86
     149      26       1         0.0386          300.0           3.86
     149     150       1         0.0085          276.0           0.85
     149     151       1         0.0262          247.0           2.62
     149     152       1         0.1168          207.0          11.68
     151     161       1         0.0138          244.0           1.38
     153      70       1         0.0916           93.0           9.16
     153      70       1         0.0916           93.0           9.16
     153     154       1         0.2841           50.0          28.41
     153     155       1         0.1856           66.0          18.56
     154     156       1         0.0379           50.0           3.79
     154     160       1         0.0429           50.0           4.29
     155     156       1         0.0822           66.0           8.22
     156     157       1         0.1273           33.0          12.73
     157      55       1         0.0827          150.0           8.27
     157     158       1         0.1404           50.0          14.04
     158     159       1         0.0664           50.0           6.64
     159     160       1         0.0811           50.0           8.11
     161     162       1         0.0103          208.0           1.03

Generation and demand by bus: 115
Bus G D
       3            0.0          370.0
       6          573.5            0.0
       8            0.0          398.0
      10            0.0          226.0
      12            0.0          193.0
      13            0.0          204.0
      14            0.0          381.0
      18            0.0           34.4
      19            0.0           64.4
      20            0.0           37.9
      22            0.0          17.39
      23            0.0           63.5
      27            0.0          324.0
      28            0.0          38.47
      29            0.0          28.31
      30            0.0          101.2
      31            0.0           72.5
      32            0.0           52.7
      33            0.0          45.17
      34            0.0          14.18
      35            0.0          54.48
      36            0.0          31.96
      38            0.0          14.76
      40            0.0          52.88
      41            0.0           39.2
      43            0.0           41.5
      44            0.0          16.32
      45            0.0          20.02
      46            0.0          65.31
      47            0.0           4.82
      48            0.0          33.76
      49            0.0           6.82
      50            0.0           99.7
      52            0.0          218.2
      54            0.0          70.34
      56            0.0          25.29
      57            0.0          48.48
      59            0.0          84.43
      60            0.0          244.0
      63            0.0           59.1
      67            0.0          22.54
      68            0.0          40.42
      71            0.0          29.87
      72            0.0          427.0
      73          225.5            0.0
      76          563.5            0.0
      77            0.0          26.41
      78            0.0          79.12
      80            0.0          15.76
      81            0.0          50.88
      82            0.0          62.28
      84            0.0           37.9
      85            0.0          40.52
      86            0.0          50.73
      87            0.0          16.91
      88            0.0           60.6
      90            0.0          50.21
      91            0.0          51.24
      92            0.0          36.12
      93            0.0          103.8
      94            0.0          164.0
      95            0.0          117.2
      96            0.0          119.2
      97            0.0          22.84
      98            0.0          151.1
      99          183.0            0.0
     100            0.0          23.21
     101           55.0            0.0
     102            0.0          16.54
     103            0.0          322.0
     104            0.0          31.52
     105            0.0          24.84
     107            0.0          35.41
     108          559.5            0.0
     111            0.0          65.41
     113            0.0           32.7
     114          154.0            0.0
     115            0.0          17.32
     116            0.0          56.08
     117            0.0          101.9
     118          227.5            0.0
     121          350.0            0.0
     122            0.0          47.28
     123            0.0          165.0
     125         1263.0         2000.0
     130          796.5            0.0
     131          565.0            0.0
     132            0.0          159.0
     133            0.0           30.1
     134            0.0          17.46
     135            0.0          20.06
     136            0.0          20.06
     137            0.0          20.06
     139            0.0           10.1
     140            0.0          13.58
     142            0.0          27.09
     143            0.0          21.07
     144            0.0          12.37
     145            0.0          10.83
     146            0.0          21.33
     147            0.0          216.4
     148            0.0          120.0
     150            0.0            4.8
     151            0.0           24.0
     152            0.0            6.0
     153            0.0            4.0
     154            0.0           28.0
     155            0.0           12.0
     156            0.0            8.0
     157            0.0           32.0
     158            0.0           16.0
     159            0.0            8.0
     160            0.0           14.4
     161            0.0           32.0
     162            0.0           20.0
