Bus data: 197

Existing lines: 286
Bfr Bto Nc X Cap. Cost
      39      42       1        0.03711          160.0     0.0
      40      42       1        0.01711          115.0     0.0
      40      42       1        0.01497          119.0     0.0
      41      40       1        0.10293          218.0     0.0
      42      43       1        0.07216          122.0     0.0
      43      57       1        0.08545          122.0     0.0
      44      40       1        0.07024           85.0     0.0
      45      51       1        0.01505          207.0     0.0
      46      51       1        0.02495          114.0     0.0
      46      52       1        0.05988          117.0     0.0
      47      48       1        0.07127           97.0     0.0
      47      49       1        0.24271           93.0     0.0
      47     100       1        0.09062          215.0     0.0
      48      49       1        0.17625           91.0     0.0
      49      50       1        0.01038          118.0     0.0
      49      51       1        0.14605          117.0     0.0
      49      97       1        0.08498          117.0     0.0
      50      52       1        0.08411          115.0     0.0
      51      53       1        0.05041          178.0     0.0
      51      54       1        0.08317          148.0     0.0
      51      55       1        0.03444          178.0     0.0
      51      55       1        0.03264          166.0     0.0
      53      54       1        0.03281          117.0     0.0
      56      57       1         0.0796          117.0     0.0
      57      98       1        0.11777          118.0     0.0
      58      60       1         0.0098          118.0     0.0
      58      99       1         0.0167          100.0     0.0
      59      60       1        0.00942          119.0     0.0
      61      62       1        0.01895          138.0     0.0
      61      63       1        0.07281          161.0     0.0
      61      95       1        0.13795          138.0     0.0
      62      95       1        0.15997          135.0     0.0
      63     107       1         0.1343          148.0     0.0
      64      14       1        0.68675           46.0     0.0
      64      67       1          0.058           82.0     0.0
      64     176       1        0.05186           90.0     0.0
      65      89       1        0.06483          124.0     0.0
      65     176       1        0.05765          127.0     0.0
      89     176       1         0.1163          120.0     0.0
      66      68       1        0.07907          141.0     0.0
      66     176       1        0.18337           98.0     0.0
      66      68       1         0.0857          148.0     0.0
      66     176       1        0.17642           94.0     0.0
      69      73       1        0.05085          161.0     0.0
      69      89       1        0.15978           98.0     0.0
      70      71       1        0.01375          157.0     0.0
      70      71       1        0.01386          157.0     0.0
      70      71       1         0.0114          212.0     0.0
      70      72       1        0.02209          166.0     0.0
      70      80       1        0.04451          120.0     0.0
      70      81       1        0.05136          119.0     0.0
      70      68       1        0.05784          121.0     0.0
      71      72       1        0.01151          132.0     0.0
      71     196       1        0.52656           60.0     0.0
      71      68       1        0.06413          124.0     0.0
      72      73       1        0.01004          157.0     0.0
      73      78       1        0.04376          119.0     0.0
      73      86       1        0.07322          115.0     0.0
      73     102       1        0.01997          169.0     0.0
      73     103       1        0.01879          168.0     0.0
      75     102       1        0.01509          162.0     0.0
      76     103       1        0.01627          177.0     0.0
      77      78       1        0.18421           60.0     0.0
      78     166       1        0.66238           48.0     0.0
      79      80       1        0.01568          121.0     0.0
      79      81       1         0.0149          112.0     0.0
      80      84       1        0.06377          121.0     0.0
      81      82       1        0.04465           63.0     0.0
      82      84       1        0.06116           59.0     0.0
      84     106       1        0.05086           82.0     0.0
      85     106       1        0.01453          160.0     0.0
      68     176       1        0.27944           99.0     0.0
      87      91       1        0.01716          130.0     0.0
      87      91       1        0.02861          226.0     0.0
      88      90       1        0.01843          149.0     0.0
      90      29       1         0.1952          162.0     0.0
      89      90       1        0.15648          152.0     0.0
      90      25       1        4.03611            8.0     0.0
      90      91       1         0.1289          123.0     0.0
      90      91       1        0.11866          121.0     0.0
      90      93       1        0.24284           87.0     0.0
      91      95       1        0.02575          171.0     0.0
      91      95       1        0.02615          174.0     0.0
      93     101       1        0.16346           84.0     0.0
      94      96       1         0.0088          244.0     0.0
      94      87       1        0.01471          249.0     0.0
     108     112       1         0.0272          440.0     0.0
     109     112       1        0.02729          435.0     0.0
     110     112       1        0.01358          453.0     0.0
     111     112       1        0.04013          448.0     0.0
     112     115       1        0.06757          448.0     0.0
     112     115       1        0.06747          470.0     0.0
     113     115       1        0.03877          370.0     0.0
     115     181       1        0.20068          158.0     0.0
     114     115       1        0.01926          344.0     0.0
     115      49       1        0.14078          224.0     0.0
     115     116       1        0.05728          429.0     0.0
     115     116       1        0.05668          416.0     0.0
     115     123       1        0.07041          331.0     0.0
     116     124       1        0.04064          315.0     0.0
     116     124       1        0.04372          326.0     0.0
     117     118       1        0.02057          337.0     0.0
     117     120       1        0.06824          306.0     0.0
     117     122       1        0.03044          328.0     0.0
     117     122       1        0.02599          441.0     0.0
     118     120       1          0.052          330.0     0.0
     119     120       1        0.08934          412.0     0.0
     119     120       1        0.09384          401.0     0.0
     121     122       1        0.08246          393.0     0.0
     121     122       1         0.0796          389.0     0.0
     123      30       1        0.18298          173.0     0.0
     123      32       1        0.18472          171.0     0.0
     123      33       1        0.17545          180.0     0.0
     122     123       1        0.03767          456.0     0.0
     122     123       1        0.03777          461.0     0.0
     123     124       1        0.02707          323.0     0.0
     123     124       1         0.0279          322.0     0.0
     168     173       1        0.05655           17.0     0.0
     168     173       1        0.05709           17.0     0.0
      28      88       1        0.17761          178.0     0.0
      34     172       1        0.09768          322.0     0.0
      35      36       1        0.11768          268.0     0.0
       1      37       1        0.38636           82.0     0.0
       1      38       1        0.36919           86.0     0.0
      40     132       1        0.55219           58.0     0.0
      40     132       1        0.53539           59.0     0.0
      41     133       1        0.50262           63.0     0.0
      41     133       1        0.49532           64.0     0.0
      41     134       1        0.95087           34.0     0.0
      41     134       1        0.93393           34.0     0.0
      43     135       1        0.57554           55.0     0.0
      44     136       1        1.33068           24.0     0.0
      44     137       1        1.14805           28.0     0.0
      46       7       1        0.22645          140.0     0.0
      47     138       1        0.48698           65.0     0.0
      47     138       1        0.47401           67.0     0.0
      48     139       1        0.38446           82.0     0.0
      48     139       1        0.40539           78.0     0.0
      49     140       1        0.32397           98.0     0.0
      49     140       1        0.31119          102.0     0.0
      50     141       1        0.57136           56.0     0.0
      50     141       1        0.61349           52.0     0.0
      52     142       1        0.44526           71.0     0.0
      52     142       1         0.5451           58.0     0.0
      53     143       1        0.50029           64.0     0.0
      53     143       1        0.48753           65.0     0.0
      53     143       1         0.5336           60.0     0.0
      54     125       1        0.62532           51.0     0.0
      54     125       1        0.59272           54.0     0.0
      55     144       1        0.50869           63.0     0.0
      55     144       1        0.51558           62.0     0.0
      56     126       1        0.38609           82.0     0.0
      56     126       1        0.41631           76.0     0.0
      58     145       1        0.60758           52.0     0.0
      58     145       1        0.51212           62.0     0.0
      62     146       1        0.26813          118.0     0.0
      62     146       1        0.24846          127.0     0.0
      63     147       1        0.90981           35.0     0.0
      15     176       1        0.20424          155.0     0.0
      16     176       1        0.21291          149.0     0.0
      66      21       1        0.20066          158.0     0.0
      66     149       1        0.51458           62.0     0.0
      67     150       1        1.52533           21.0     0.0
      68     127       1        0.63613           50.0     0.0
      68     127       1        0.64502           49.0     0.0
      69     151       1        0.62546           51.0     0.0
      69     152       1        0.66241           48.0     0.0
      71     188       1        0.30512          104.0     0.0
      71     188       1        0.29834          106.0     0.0
      71     188       1        0.29785          107.0     0.0
      72     130       1        0.42256           75.0     0.0
      72     130       1        0.39263           81.0     0.0
      72     130       1        0.38676           82.0     0.0
      72     177       1        0.10122          313.0     0.0
      72     178       1        0.09664          327.0     0.0
      72     179       1        0.10144          312.0     0.0
      73     131       1        0.40071           79.0     0.0
      73     131       1        0.38807           82.0     0.0
      75     157       1        0.69179           46.0     0.0
      76     158       1        0.66543           48.0     0.0
      77     159       1        0.54585           58.0     0.0
      77     160       1        0.51142           62.0     0.0
      79      74       1        0.38243           83.0     0.0
      79      74       1        0.38169           83.0     0.0
      79     161       1        0.68919           46.0     0.0
      79     162       1        0.64307           50.0     0.0
      82     163       1        0.48548           66.0     0.0
      82     163       1        0.47465           67.0     0.0
      83     164       1        0.79659           40.0     0.0
      84     164       1           0.87           37.0     0.0
      85     165       1        0.99611           32.0     0.0
      85     165       1        1.00149           32.0     0.0
      86     166       1        0.64619           49.0     0.0
      68     167       1        0.62469           51.0     0.0
      68     167       1        0.62753           51.0     0.0
      87      26       1        0.18985          167.0     0.0
      87      27       1        0.17519          181.0     0.0
      87     168       1         0.5048           63.0     0.0
      87     168       1        0.49638           64.0     0.0
      87     168       1        0.50441           63.0     0.0
      90     169       1        0.52693           60.0     0.0
      90     169       1        0.53153           60.0     0.0
      91      92       1        0.49914           64.0     0.0
      91      92       1         0.5054           63.0     0.0
      93     190       1        0.46603           68.0     0.0
      94     170       1        0.49983           64.0     0.0
      94     170       1        0.52878           60.0     0.0
      95     171       1        0.45649           70.0     0.0
      95     171       1        0.56815           56.0     0.0
     100      35       1        0.16991          186.0     0.0
     100     172       1        0.23167          137.0     0.0
      87     173       1        0.50122           64.0     0.0
      87     173       1        0.49443           64.0     0.0
     101     174       1        0.91642           35.0     0.0
     101     174       1        0.90017           36.0     0.0
     102     105       1        0.38097           83.0     0.0
     103     104       1        0.38856           82.0     0.0
     175     106       1        0.56764           56.0     0.0
     107       1       1        0.15653          202.0     0.0
     107       1       1        0.16254          195.0     0.0
     108       2       1        0.10643          297.0     0.0
     109       3       1        0.10445          303.0     0.0
     110       4       1        0.19041          166.0     0.0
     112      42       1        0.10571          299.0     0.0
     112      42       1        0.10448          303.0     0.0
     113       5       1         0.2056          154.0     0.0
       6     115       1        0.10378          304.0     0.0
     114     182       1        0.33303           95.0     0.0
     115      51       1        0.08213          385.0     0.0
     115      51       1        0.08129          389.0     0.0
     116      12       1         0.0793          399.0     0.0
     116      13       1         0.1468          216.0     0.0
      58       8       1        0.36064           88.0     0.0
      58      11       1        0.22006          144.0     0.0
      58       9       1        0.39372           81.0     0.0
      58      10       1         0.3944           81.0     0.0
     116      58       1        0.08687          364.0     0.0
     116      58       1        0.08226          384.0     0.0
     116      59       1        0.07891          401.0     0.0
     117     183       1        0.39008           81.0     0.0
     117     184       1        0.40362           79.0     0.0
     117     185       1        0.20773          152.0     0.0
     117     186       1        0.36513           87.0     0.0
     117     187       1        0.37979           84.0     0.0
      20     118       1        0.29081          109.0     0.0
     119      22       1        0.09066          349.0     0.0
     119      23       1        0.09245          342.0     0.0
     119      24       1        0.08488          373.0     0.0
     120      70       1        0.08208          385.0     0.0
     120      70       1        0.08801          359.0     0.0
     120      70       1        0.08484          373.0     0.0
     120      70       1        0.08718          363.0     0.0
     121      73       1        0.08132          389.0     0.0
     121      73       1        0.07903          400.0     0.0
      31     123       1        0.17472          181.0     0.0
     123      90       1        0.08456          374.0     0.0
     124      91       1        0.08809          359.0     0.0
     124      91       1        0.08391          377.0     0.0
     176      17       1          0.334           95.0     0.0
     176      18       1        0.33165           96.0     0.0
     176      19       1        0.33059           96.0     0.0
     176     148       1        1.09808           29.0     0.0
       5     180       1        1.11623           28.0     0.0
     189     177       1        0.57555           55.0     0.0
     189     177       1        0.61286           52.0     0.0
     189     178       1        0.54729           58.0     0.0
     189     178       1        0.63202           50.0     0.0
     189     179       1        0.60096           53.0     0.0
     189     179       1        0.57316           56.0     0.0
      68     192       1        0.06525          484.0     0.0
     128     192       1        0.29921          106.0     0.0
     129     192       1        0.28911          110.0     0.0
      68     193       1        0.05478          576.0     0.0
     128     193       1        0.30731          103.0     0.0
     191     193       1        0.31044          102.0     0.0
      70     194       1        0.08036          394.0     0.0
     153     194       1        0.58896           54.0     0.0
     154     194       1         0.5737           56.0     0.0
      70     195       1        0.09668          327.0     0.0
     153     195       1        0.55122           58.0     0.0
     154     195       1        0.55257           58.0     0.0
     155     196       1        0.40007           79.0     0.0
     156     196       1        0.44509           71.0     0.0
     197      71       1        0.51987           61.0     0.0
     155     197       1        0.40214           79.0     0.0
     156     197       1        0.41984           76.0     0.0

Candidate lines: 286
Bfr Bto Nc X Cap. Cost
      39      42       1        0.03711          160.0        3.71058
      40      42       1        0.01711          115.0        1.71091
      40      42       1        0.01497          119.0        1.49698
      41      40       1        0.10293          218.0       10.29267
      42      43       1        0.07216          122.0        7.21554
      43      57       1        0.08545          122.0        8.54487
      44      40       1        0.07024           85.0        7.02444
      45      51       1        0.01505          207.0        1.50542
      46      51       1        0.02495          114.0        2.49472
      46      52       1        0.05988          117.0        5.98842
      47      48       1        0.07127           97.0        7.12716
      47      49       1        0.24271           93.0       24.27149
      47     100       1        0.09062          215.0        9.06217
      48      49       1        0.17625           91.0       17.62482
      49      50       1        0.01038          118.0        1.03769
      49      51       1        0.14605          117.0        14.6051
      49      97       1        0.08498          117.0        8.49837
      50      52       1        0.08411          115.0        8.41055
      51      53       1        0.05041          178.0        5.04077
      51      54       1        0.08317          148.0        8.31676
      51      55       1        0.03444          178.0        3.44386
      51      55       1        0.03264          166.0        3.26422
      53      54       1        0.03281          117.0        3.28106
      56      57       1         0.0796          117.0        7.96047
      57      98       1        0.11777          118.0       11.77738
      58      60       1         0.0098          118.0        0.97992
      58      99       1         0.0167          100.0        1.66973
      59      60       1        0.00942          119.0        0.94178
      61      62       1        0.01895          138.0        1.89508
      61      63       1        0.07281          161.0        7.28055
      61      95       1        0.13795          138.0       13.79526
      62      95       1        0.15997          135.0       15.99664
      63     107       1         0.1343          148.0       13.43016
      64      14       1        0.68675           46.0       68.67453
      64      67       1          0.058           82.0         5.8003
      64     176       1        0.05186           90.0        5.18558
      65      89       1        0.06483          124.0        6.48337
      65     176       1        0.05765          127.0        5.76456
      89     176       1         0.1163          120.0       11.62979
      66      68       1        0.07907          141.0          7.907
      66     176       1        0.18337           98.0       18.33683
      66      68       1         0.0857          148.0        8.56977
      66     176       1        0.17642           94.0       17.64183
      69      73       1        0.05085          161.0        5.08534
      69      89       1        0.15978           98.0       15.97803
      70      71       1        0.01375          157.0        1.37513
      70      71       1        0.01386          157.0        1.38602
      70      71       1         0.0114          212.0         1.1404
      70      72       1        0.02209          166.0        2.20931
      70      80       1        0.04451          120.0        4.45073
      70      81       1        0.05136          119.0        5.13598
      70      68       1        0.05784          121.0        5.78426
      71      72       1        0.01151          132.0        1.15138
      71     196       1        0.52656           60.0       52.65638
      71      68       1        0.06413          124.0        6.41314
      72      73       1        0.01004          157.0        1.00413
      73      78       1        0.04376          119.0        4.37558
      73      86       1        0.07322          115.0        7.32199
      73     102       1        0.01997          169.0        1.99697
      73     103       1        0.01879          168.0         1.8791
      75     102       1        0.01509          162.0        1.50897
      76     103       1        0.01627          177.0        1.62673
      77      78       1        0.18421           60.0        18.4205
      78     166       1        0.66238           48.0       66.23831
      79      80       1        0.01568          121.0        1.56785
      79      81       1         0.0149          112.0        1.49022
      80      84       1        0.06377          121.0        6.37682
      81      82       1        0.04465           63.0        4.46518
      82      84       1        0.06116           59.0        6.11633
      84     106       1        0.05086           82.0        5.08605
      85     106       1        0.01453          160.0        1.45342
      68     176       1        0.27944           99.0       27.94417
      87      91       1        0.01716          130.0        1.71649
      87      91       1        0.02861          226.0        2.86067
      88      90       1        0.01843          149.0         1.8429
      90      29       1         0.1952          162.0       19.51966
      89      90       1        0.15648          152.0       15.64771
      90      25       1        4.03611            8.0      403.61064
      90      91       1         0.1289          123.0       12.89004
      90      91       1        0.11866          121.0       11.86624
      90      93       1        0.24284           87.0       24.28381
      91      95       1        0.02575          171.0         2.5747
      91      95       1        0.02615          174.0        2.61527
      93     101       1        0.16346           84.0       16.34551
      94      96       1         0.0088          244.0        0.88016
      94      87       1        0.01471          249.0        1.47081
     108     112       1         0.0272          440.0        2.72014
     109     112       1        0.02729          435.0        2.72918
     110     112       1        0.01358          453.0        1.35834
     111     112       1        0.04013          448.0        4.01279
     112     115       1        0.06757          448.0        6.75741
     112     115       1        0.06747          470.0        6.74731
     113     115       1        0.03877          370.0        3.87733
     115     181       1        0.20068          158.0       20.06805
     114     115       1        0.01926          344.0        1.92589
     115      49       1        0.14078          224.0       14.07796
     115     116       1        0.05728          429.0        5.72761
     115     116       1        0.05668          416.0        5.66848
     115     123       1        0.07041          331.0        7.04095
     116     124       1        0.04064          315.0        4.06372
     116     124       1        0.04372          326.0        4.37176
     117     118       1        0.02057          337.0        2.05666
     117     120       1        0.06824          306.0        6.82359
     117     122       1        0.03044          328.0        3.04433
     117     122       1        0.02599          441.0        2.59923
     118     120       1          0.052          330.0        5.20012
     119     120       1        0.08934          412.0          8.934
     119     120       1        0.09384          401.0        9.38426
     121     122       1        0.08246          393.0        8.24582
     121     122       1         0.0796          389.0        7.96015
     123      30       1        0.18298          173.0       18.29776
     123      32       1        0.18472          171.0       18.47152
     123      33       1        0.17545          180.0       17.54504
     122     123       1        0.03767          456.0        3.76735
     122     123       1        0.03777          461.0        3.77673
     123     124       1        0.02707          323.0        2.70742
     123     124       1         0.0279          322.0        2.79027
     168     173       1        0.05655           17.0        5.65518
     168     173       1        0.05709           17.0        5.70861
      28      88       1        0.17761          178.0       17.76055
      34     172       1        0.09768          322.0        9.76792
      35      36       1        0.11768          268.0       11.76807
       1      37       1        0.38636           82.0       38.63586
       1      38       1        0.36919           86.0       36.91937
      40     132       1        0.55219           58.0       55.21898
      40     132       1        0.53539           59.0       53.53902
      41     133       1        0.50262           63.0       50.26231
      41     133       1        0.49532           64.0       49.53167
      41     134       1        0.95087           34.0       95.08692
      41     134       1        0.93393           34.0       93.39292
      43     135       1        0.57554           55.0       57.55431
      44     136       1        1.33068           24.0      133.06812
      44     137       1        1.14805           28.0      114.80548
      46       7       1        0.22645          140.0        22.6451
      47     138       1        0.48698           65.0       48.69818
      47     138       1        0.47401           67.0       47.40069
      48     139       1        0.38446           82.0        38.4457
      48     139       1        0.40539           78.0       40.53896
      49     140       1        0.32397           98.0       32.39652
      49     140       1        0.31119          102.0       31.11928
      50     141       1        0.57136           56.0       57.13596
      50     141       1        0.61349           52.0       61.34921
      52     142       1        0.44526           71.0       44.52632
      52     142       1         0.5451           58.0       54.50964
      53     143       1        0.50029           64.0       50.02904
      53     143       1        0.48753           65.0       48.75253
      53     143       1         0.5336           60.0       53.36041
      54     125       1        0.62532           51.0       62.53187
      54     125       1        0.59272           54.0       59.27168
      55     144       1        0.50869           63.0       50.86869
      55     144       1        0.51558           62.0       51.55811
      56     126       1        0.38609           82.0       38.60897
      56     126       1        0.41631           76.0       41.63114
      58     145       1        0.60758           52.0        60.7579
      58     145       1        0.51212           62.0       51.21177
      62     146       1        0.26813          118.0       26.81257
      62     146       1        0.24846          127.0       24.84627
      63     147       1        0.90981           35.0       90.98112
      15     176       1        0.20424          155.0       20.42414
      16     176       1        0.21291          149.0       21.29077
      66      21       1        0.20066          158.0       20.06591
      66     149       1        0.51458           62.0        51.4579
      67     150       1        1.52533           21.0      152.53341
      68     127       1        0.63613           50.0       63.61345
      68     127       1        0.64502           49.0       64.50208
      69     151       1        0.62546           51.0       62.54615
      69     152       1        0.66241           48.0        66.2409
      71     188       1        0.30512          104.0        30.5115
      71     188       1        0.29834          106.0       29.83368
      71     188       1        0.29785          107.0       29.78494
      72     130       1        0.42256           75.0       42.25635
      72     130       1        0.39263           81.0       39.26294
      72     130       1        0.38676           82.0       38.67583
      72     177       1        0.10122          313.0       10.12205
      72     178       1        0.09664          327.0        9.66365
      72     179       1        0.10144          312.0       10.14425
      73     131       1        0.40071           79.0       40.07145
      73     131       1        0.38807           82.0       38.80702
      75     157       1        0.69179           46.0       69.17859
      76     158       1        0.66543           48.0       66.54337
      77     159       1        0.54585           58.0       54.58475
      77     160       1        0.51142           62.0       51.14155
      79      74       1        0.38243           83.0       38.24277
      79      74       1        0.38169           83.0       38.16909
      79     161       1        0.68919           46.0       68.91871
      79     162       1        0.64307           50.0       64.30707
      82     163       1        0.48548           66.0       48.54769
      82     163       1        0.47465           67.0       47.46532
      83     164       1        0.79659           40.0       79.65947
      84     164       1           0.87           37.0       86.99992
      85     165       1        0.99611           32.0       99.61065
      85     165       1        1.00149           32.0      100.14867
      86     166       1        0.64619           49.0       64.61878
      68     167       1        0.62469           51.0        62.4686
      68     167       1        0.62753           51.0       62.75297
      87      26       1        0.18985          167.0       18.98517
      87      27       1        0.17519          181.0       17.51863
      87     168       1         0.5048           63.0       50.47998
      87     168       1        0.49638           64.0       49.63814
      87     168       1        0.50441           63.0       50.44126
      90     169       1        0.52693           60.0       52.69262
      90     169       1        0.53153           60.0       53.15294
      91      92       1        0.49914           64.0       49.91386
      91      92       1         0.5054           63.0        50.5398
      93     190       1        0.46603           68.0       46.60322
      94     170       1        0.49983           64.0       49.98316
      94     170       1        0.52878           60.0       52.87786
      95     171       1        0.45649           70.0       45.64931
      95     171       1        0.56815           56.0       56.81475
     100      35       1        0.16991          186.0       16.99131
     100     172       1        0.23167          137.0       23.16669
      87     173       1        0.50122           64.0       50.12241
      87     173       1        0.49443           64.0       49.44329
     101     174       1        0.91642           35.0       91.64249
     101     174       1        0.90017           36.0       90.01736
     102     105       1        0.38097           83.0       38.09658
     103     104       1        0.38856           82.0       38.85621
     175     106       1        0.56764           56.0       56.76413
     107       1       1        0.15653          202.0       15.65347
     107       1       1        0.16254          195.0       16.25408
     108       2       1        0.10643          297.0       10.64272
     109       3       1        0.10445          303.0        10.4454
     110       4       1        0.19041          166.0       19.04079
     112      42       1        0.10571          299.0       10.57084
     112      42       1        0.10448          303.0       10.44821
     113       5       1         0.2056          154.0       20.55999
       6     115       1        0.10378          304.0       10.37778
     114     182       1        0.33303           95.0       33.30255
     115      51       1        0.08213          385.0        8.21328
     115      51       1        0.08129          389.0        8.12903
     116      12       1         0.0793          399.0        7.93026
     116      13       1         0.1468          216.0       14.67997
      58       8       1        0.36064           88.0       36.06381
      58      11       1        0.22006          144.0       22.00639
      58       9       1        0.39372           81.0       39.37231
      58      10       1         0.3944           81.0       39.44036
     116      58       1        0.08687          364.0        8.68733
     116      58       1        0.08226          384.0        8.22551
     116      59       1        0.07891          401.0          7.891
     117     183       1        0.39008           81.0       39.00771
     117     184       1        0.40362           79.0       40.36154
     117     185       1        0.20773          152.0       20.77301
     117     186       1        0.36513           87.0       36.51341
     117     187       1        0.37979           84.0         37.979
      20     118       1        0.29081          109.0       29.08111
     119      22       1        0.09066          349.0        9.06622
     119      23       1        0.09245          342.0        9.24485
     119      24       1        0.08488          373.0        8.48818
     120      70       1        0.08208          385.0        8.20764
     120      70       1        0.08801          359.0        8.80053
     120      70       1        0.08484          373.0        8.48358
     120      70       1        0.08718          363.0        8.71837
     121      73       1        0.08132          389.0        8.13156
     121      73       1        0.07903          400.0        7.90253
      31     123       1        0.17472          181.0        17.4722
     123      90       1        0.08456          374.0        8.45585
     124      91       1        0.08809          359.0        8.80918
     124      91       1        0.08391          377.0        8.39131
     176      17       1          0.334           95.0       33.40048
     176      18       1        0.33165           96.0       33.16536
     176      19       1        0.33059           96.0       33.05862
     176     148       1        1.09808           29.0        109.808
       5     180       1        1.11623           28.0      111.62303
     189     177       1        0.57555           55.0       57.55488
     189     177       1        0.61286           52.0       61.28589
     189     178       1        0.54729           58.0       54.72942
     189     178       1        0.63202           50.0       63.20165
     189     179       1        0.60096           53.0       60.09579
     189     179       1        0.57316           56.0       57.31603
      68     192       1        0.06525          484.0         6.5247
     128     192       1        0.29921          106.0       29.92127
     129     192       1        0.28911          110.0       28.91103
      68     193       1        0.05478          576.0        5.47801
     128     193       1        0.30731          103.0       30.73141
     191     193       1        0.31044          102.0       31.04408
      70     194       1        0.08036          394.0        8.03595
     153     194       1        0.58896           54.0        58.8964
     154     194       1         0.5737           56.0       57.37023
      70     195       1        0.09668          327.0        9.66774
     153     195       1        0.55122           58.0       55.12215
     154     195       1        0.55257           58.0       55.25681
     155     196       1        0.40007           79.0       40.00738
     156     196       1        0.44509           71.0       44.50939
     197      71       1        0.51987           61.0       51.98674
     155     197       1        0.40214           79.0       40.21366
     156     197       1        0.41984           76.0        41.9836

Generation and demand by bus: 94
Bus G D
       2           75.0            0.0
       3           75.0            0.0
       4           50.0            0.0
       5           30.0            0.0
       6           65.0        1.43784
       7           20.0            0.0
      11           40.0            0.0
      12          100.0        5.34111
      13           50.0            0.0
      14           10.0            0.0
      15           25.0            0.0
      16           25.0            0.0
      17           20.0            0.0
      18           20.0            0.0
      19           20.0            0.0
      20           20.0            0.0
      21           30.0            0.0
      22           85.0            0.0
      23           90.0            0.0
      24           85.0            0.0
      26           20.0            0.0
      27           20.0            0.0
      28           35.0            0.0
      30           35.0            0.0
      31           35.0            0.0
      32           35.0            0.0
      36           45.0            0.0
      60            0.0      109.56074
      74            0.0         4.1484
      92            0.0       25.53318
      97            0.0        0.84446
      99            0.0        1.24575
     104            0.0        6.30917
     105            0.0        6.39435
     116          275.0       761.8021
     125            0.0        0.10004
     126            0.0       19.95779
     127            0.0       14.10491
     128            0.0       11.18685
     129            0.0        1.23311
     130            0.0       38.26564
     131            0.0       15.34797
     132            0.0       28.12204
     133            0.0        2.29267
     135            0.0        0.59547
     136            0.0        2.86565
     137            0.0        0.10216
     138            0.0       14.89397
     139            0.0       12.79406
     140            0.0       32.81643
     141            0.0        4.96929
     142            0.0       11.88899
     143            0.0       35.35571
     144            0.0       37.04878
     145            0.0         9.2571
     146            0.0        6.81969
     148            0.0        1.12772
     149            0.0        3.91796
     150            0.0        0.09846
     151            0.0        7.00533
     152            0.0        4.76784
     153            0.0        6.81738
     154            0.0        6.35761
     155            0.0       10.55584
     156            0.0        7.95474
     157            0.0        2.91459
     158            0.0        3.20082
     159            0.0         1.2307
     160            0.0        1.22013
     161            0.0        2.69741
     162            0.0        3.66249
     163            0.0        4.38783
     164            0.0        11.3146
     165            0.0        3.43739
     166            0.0       12.75082
     167            0.0       10.67504
     168            0.0       29.58494
     169            0.0        5.99216
     170            0.0         9.0671
     171            0.0       10.36757
     173            0.0       16.14077
     174            0.0        5.51217
     175            0.0        0.26854
     181           35.0            0.0
     182           20.0            0.0
     183           20.0            0.0
     184           20.0            0.0
     185           10.0            0.0
     186           20.0            0.0
     187           20.0            0.0
     188            0.0       32.70331
     189            0.0       49.53378
     190            0.0         1.7113
     191            0.0       15.71699
