Bus data: 240

Existing lines: 448
Bfr Bto Nc X Cap. Cost
       1      10       1        0.03169          996.0     0.0
       1      11       1         0.0965          326.0     0.0
       2       4       1         0.0053         5934.0     0.0
       2       8       1        0.01988         1583.0     0.0
       2       8       1        0.01988         1583.0     0.0
       2     224       1         0.0436          721.0     0.0
       4     230       1        0.27403          115.0     0.0
       4     231       1           0.11          287.0     0.0
       7      18       1         0.0211         1485.0     0.0
       7      18       1         0.0211         1485.0     0.0
      10      11       1        0.00536         5834.0     0.0
      10      19       1        0.02592         1216.0     0.0
      10      77       1        0.01369         2282.0     0.0
      11      14       1         0.0211         1485.0     0.0
      11      19       1        0.03489          904.0     0.0
      13      14       1         0.0211         1485.0     0.0
      13      19       1         0.0211         1485.0     0.0
      13      19       1         0.0673          468.0     0.0
      13      53       1        0.02524         1249.0     0.0
      13      77       1         0.0965          326.0     0.0
      15     225       1         0.1369          231.0     0.0
      18      19       1         0.0096         3288.0     0.0
      18      19       1         0.0096         3288.0     0.0
      18      30       1        0.02967         1061.0     0.0
      18      33       1        0.02967         1061.0     0.0
      20      24       1        0.07034          446.0     0.0
      22      27       1        0.05399          585.0     0.0
      22      31       1        0.05399          585.0     0.0
      24      31       1        0.07034          446.0     0.0
      26      30       1        0.02524         1249.0     0.0
      27      28       1        0.02886         1089.0     0.0
      27      28       1        0.02886         1089.0     0.0
      27      48       1        0.02886         1089.0     0.0
      28      48       1        0.02886         1089.0     0.0
      28      48       1        0.02886         1089.0     0.0
      33      36       1        0.00905         3487.0     0.0
      34      35       1        0.00753         4192.0     0.0
      34      35       1         0.0075         4208.0     0.0
      34      37       1        0.01125         2806.0     0.0
      34      37       1        0.01125         2806.0     0.0
      34      46       1         0.0128         2466.0     0.0
      34      53       1         0.0041         7696.0     0.0
      34      77       1        0.02779         1134.0     0.0
      34      78       1          0.031         1018.0     0.0
      35      46       1        0.00457         6905.0     0.0
      36      46       1         0.0093         3394.0     0.0
      37     122       1       -0.00935         3379.0     0.0
      37     124       1       -0.00935         3379.0     0.0
      37     126       1        -0.0084         3761.0     0.0
      38      39       1         0.0264         1195.0     0.0
      38      43       1        0.01187         2658.0     0.0
      38      43       1        0.01187         2658.0     0.0
      39      41       1         0.0258         1222.0     0.0
      39      43       1        0.07034          446.0     0.0
      40      41       1         0.0127         2478.0     0.0
      41      42       1        0.05399          585.0     0.0
      41      42       1        0.05399          585.0     0.0
      41      44       1         0.0395          798.0     0.0
      41      47       1        0.02886         1089.0     0.0
      42      47       1        0.02886         1089.0     0.0
      42      48       1        0.02886         1089.0     0.0
      43      44       1        0.03649          864.0     0.0
      43      44       1        0.03399          929.0     0.0
      47      48       1        0.02886         1089.0     0.0
      47      48       1        0.02886         1089.0     0.0
      77      78       1        0.01415         2231.0     0.0
      50      52       1        0.01668         1892.0     0.0
      50      53       1        0.00159        19867.0     0.0
      50      53       1        0.00159        19867.0     0.0
      50      51       1        0.01861         1696.0     0.0
      51      53       1        0.01884         1675.0     0.0
      53      77       1        0.02524         1249.0     0.0
      54     217       1         0.0965          326.0     0.0
      54     222       1         0.0245         1286.0     0.0
      54     222       1         0.0245         1286.0     0.0
      55      57       1        0.07905          396.0     0.0
      56      57       1        0.07905          396.0     0.0
      58      61       1        0.03346          942.0     0.0
      58      62       1          0.038          829.0     0.0
      58      68       1        0.04677          674.0     0.0
      58      69       1        0.03422          922.0     0.0
      59      65       1        0.00723         4360.0     0.0
      59      67       1        0.00536         5881.0     0.0
      60      63       1        0.03422          922.0     0.0
      60      63       1        0.03669          860.0     0.0
      60      66       1        0.03074         1026.0     0.0
      60      67       1        0.04296          734.0     0.0
      61      62       1        0.00434         7262.0     0.0
      62      65       1        0.01583         1975.0     0.0
      62      65       1        0.01583         1975.0     0.0
      62      68       1        0.00967         3233.0     0.0
      62      68       1        0.00967         3233.0     0.0
      62      68       1        0.00971         3210.0     0.0
      62      68       1        0.00971         3210.0     0.0
      62      69       1        0.00393         8019.0     0.0
      62      69       1        0.00393         8019.0     0.0
      62      69       1        0.00393         8019.0     0.0
      62      70       1        0.01116         2810.0     0.0
      62      70       1        0.01116         2810.0     0.0
      63      66       1        0.00366         8587.0     0.0
      63      67       1        0.00586         5367.0     0.0
      64      66       1        0.01025         3074.0     0.0
      64      66       1        0.01025         3074.0     0.0
      65      67       1        0.01244         2528.0     0.0
      65      67       1        0.01244         2528.0     0.0
      65      70       1        0.00979         3200.0     0.0
      66      67       1        0.01189         2646.0     0.0
      79      80       1         0.0127         2478.0     0.0
      79      80       1         0.0127         2478.0     0.0
      80      81       1         0.0127         2478.0     0.0
      80      81       1         0.0127         2478.0     0.0
      80      81       1         0.0127         2478.0     0.0
      80      93       1         0.0127         2478.0     0.0
      81      89       1         0.0127         2478.0     0.0
      81      89       1         0.0127         2478.0     0.0
      81      96       1         0.0127         2478.0     0.0
      81      96       1         0.0127         2478.0     0.0
      82      83       1        0.02886         1089.0     0.0
      86      87       1         0.0127         2478.0     0.0
      86      87       1         0.0127         2478.0     0.0
      86      88       1         0.0127         2478.0     0.0
      86      88       1         0.0127         2478.0     0.0
      86     149       1        0.02886         1089.0     0.0
      86     149       1        0.02886         1089.0     0.0
      86     150       1         0.0127         2478.0     0.0
      86     150       1         0.0127         2478.0     0.0
      87      88       1         0.0127         2478.0     0.0
      87      88       1        0.02886         1089.0     0.0
      87      89       1         0.0127         2478.0     0.0
      87      90       1         0.0127         2478.0     0.0
      87     150       1        0.02886         1089.0     0.0
      87     150       1        0.02886         1089.0     0.0
      88      89       1         0.0127         2478.0     0.0
      88      94       1         0.0127         2478.0     0.0
      88      94       1        0.02886         1089.0     0.0
      88      96       1         0.0127         2478.0     0.0
      88     149       1        0.02886         1089.0     0.0
      88     149       1        0.02886         1089.0     0.0
      89      90       1         0.0127         2478.0     0.0
      89      90       1         0.0127         2478.0     0.0
      89     149       1        0.02886         1089.0     0.0
      89     149       1        0.02886         1089.0     0.0
      90     140       1        0.02886         1089.0     0.0
      90     141       1        0.02886         1089.0     0.0
      92     128       1        0.01297         2434.0     0.0
      92     129       1       -0.00755         4184.0     0.0
      93      95       1         0.0127         2478.0     0.0
      93      95       1         0.0127         2478.0     0.0
      94      95       1         0.0127         2478.0     0.0
      94      95       1         0.0127         2478.0     0.0
      94      95       1         0.0127         2478.0     0.0
      94     144       1        0.02886         1089.0     0.0
      94     144       1        0.02886         1089.0     0.0
      96     149       1        0.02886         1089.0     0.0
      98      99       1        0.02886         1089.0     0.0
      98      99       1        0.02886         1089.0     0.0
      98     101       1        0.02886         1089.0     0.0
      98     102       1        0.02886         1089.0     0.0
      98     102       1        0.02886         1089.0     0.0
      98     114       1        0.02886         1089.0     0.0
     100     101       1        0.02886         1089.0     0.0
     100     114       1        0.02886         1089.0     0.0
     101     114       1        0.02886         1089.0     0.0
     101     114       1        0.02886         1089.0     0.0
     101     143       1        0.02886         1089.0     0.0
     101     144       1        0.02886         1089.0     0.0
     102     133       1        0.02886         1089.0     0.0
     102     133       1        0.02886         1089.0     0.0
     105     140       1        0.02886         1089.0     0.0
     105     141       1        0.02886         1089.0     0.0
     107     151       1        0.02886         1089.0     0.0
     109     152       1        0.02886         1089.0     0.0
     109     152       1        0.02886         1089.0     0.0
     111     112       1        0.01937         1630.0     0.0
     111     113       1        0.02087         1513.0     0.0
     111     113       1        0.02087         1513.0     0.0
     112     120       1          0.016         1973.0     0.0
     112     127       1        0.01985         1590.0     0.0
     113     120       1       -0.00998         3166.0     0.0
     113     121       1       -0.00935         3379.0     0.0
     113     123       1       -0.00944         3347.0     0.0
     113     125       1       -0.00935         3379.0     0.0
     113     127       1         0.0147         2138.0     0.0
     114     116       1        0.02886         1089.0     0.0
     115     116       1        0.02886         1089.0     0.0
     121     122       1        0.02659         1187.0     0.0
     123     124       1        0.02662         1186.0     0.0
     125     126       1        0.02517         1254.0     0.0
     127     128       1        0.01297         2434.0     0.0
     127     129       1        0.03644          867.0     0.0
     127     235       1       -0.01331         2374.0     0.0
     129     130       1       -0.01098         2877.0     0.0
     129     131       1        0.01035         3039.0     0.0
     129     235       1        0.05719          553.0     0.0
     130     131       1        0.01229         2549.0     0.0
     131     132       1        0.00346         8938.0     0.0
     132     156       1        0.00456         6881.0     0.0
     132     156       1        0.00456         6881.0     0.0
     133     134       1        0.02886         1089.0     0.0
     133     149       1        0.02886         1089.0     0.0
     133     237       1        0.09268          338.0     0.0
     134     146       1        0.02886         1089.0     0.0
     135     145       1        0.02886         1089.0     0.0
     135     146       1        0.02886         1089.0     0.0
     136     137       1        0.16938          185.0     0.0
     136     150       1        0.10101          310.0     0.0
     137     138       1        0.09268          338.0     0.0
     137     142       1        0.11381          275.0     0.0
     137     147       1        0.06678          467.0     0.0
     137     147       1         0.0654          477.0     0.0
     137     147       1        0.06642          470.0     0.0
     137     150       1        0.27403          115.0     0.0
     137     236       1        0.09268          338.0     0.0
     137     236       1        0.09268          338.0     0.0
     138     150       1         0.2046          153.0     0.0
     139     146       1        0.02886         1089.0     0.0
     139     146       1        0.02886         1089.0     0.0
     139     149       1        0.02886         1089.0     0.0
     139     237       1        0.09268          338.0     0.0
     141     150       1        0.02886         1089.0     0.0
     142     150       1        0.16106          195.0     0.0
     145     148       1        0.02886         1089.0     0.0
     146     148       1        0.02886         1089.0     0.0
     149     238       1        0.09268          338.0     0.0
     149     238       1        0.09268          338.0     0.0
     156     186       1        0.00239        12565.0     0.0
     156     169       1        0.01382         2283.0     0.0
     156     173       1        0.01502         2101.0     0.0
     156     176       1        0.01413         2233.0     0.0
     156     234       1        0.01293         2435.0     0.0
     157     158       1        0.02373         1330.0     0.0
     157     169       1        0.00238        13256.0     0.0
     157     170       1        0.01036         3044.0     0.0
     158     195       1        0.02689         1170.0     0.0
     159     160       1        0.01412         2235.0     0.0
     159     160       1        0.02408         1311.0     0.0
     159     160       1        0.02409         1310.0     0.0
     159     170       1        0.00737         4280.0     0.0
     159     171       1        0.01266         2492.0     0.0
     159     174       1        0.01266         2492.0     0.0
     160     161       1        0.00451         6995.0     0.0
     160     161       1        0.00446         7076.0     0.0
     160     178       1        0.02316         1363.0     0.0
     160     178       1           0.02         1580.0     0.0
     160     184       1         0.0082         3851.0     0.0
     160     201       1        0.03304          955.0     0.0
     161     162       1         0.0003       105233.0     0.0
     161     162       1         0.0003       105233.0     0.0
     161     184       1         0.0082         3851.0     0.0
     163     214       1         0.0673          468.0     0.0
     164     165       1        0.00131        24088.0     0.0
     164     165       1        0.00116        27195.0     0.0
     164     180       1           0.02         1572.0     0.0
     171     172       1        0.00165        19144.0     0.0
     172     173       1       -0.01263         2501.0     0.0
     174     175       1        0.00165        19144.0     0.0
     175     176       1       -0.01263         2501.0     0.0
     177     178       1        0.02069         1525.0     0.0
     177     178       1        0.02069         1525.0     0.0
     177     179       1          0.074          427.0     0.0
     177     179       1           0.02         1572.0     0.0
     177     183       1         0.0082         3851.0     0.0
     177     183       1         0.0082         3851.0     0.0
     178     183       1         0.0082         3851.0     0.0
     178     183       1         0.0082         3851.0     0.0
     178     184       1         0.0082         3851.0     0.0
     178     184       1         0.0082         3851.0     0.0
     178     201       1        0.02258         1397.0     0.0
     179     201       1          0.074          427.0     0.0
     180     192       1           0.02         1572.0     0.0
     183     184       1        0.02408         1311.0     0.0
     183     189       1         0.0239         1321.0     0.0
     184     185       1        0.00165        17775.0     0.0
     185     186       1        0.01266         2491.0     0.0
     189     190       1           0.07          451.0     0.0
     191     192       1           0.02         1572.0     0.0
     196     197       1        0.02316         1363.0     0.0
     196     207       1         0.0046         6867.0     0.0
     196     216       1         0.0673          468.0     0.0
     197     207       1         0.0046         6867.0     0.0
     197     207       1         0.0046         6867.0     0.0
     197     219       1         0.0673          468.0     0.0
     197     219       1         0.0673          468.0     0.0
     198     203       1         0.0965          326.0     0.0
     198     211       1         0.0965          326.0     0.0
     200     201       1        0.01405         2231.0     0.0
     202     204       1          0.074          427.0     0.0
     203     204       1          0.025         1263.0     0.0
     202     209       1         0.0965          326.0     0.0
     202     209       1         0.0965          326.0     0.0
     202     210       1         0.0965          326.0     0.0
     208     230       1         0.0046         6867.0     0.0
     209     210       1         0.0965          326.0     0.0
     209     211       1         0.0965          326.0     0.0
     209     211       1         0.0965          326.0     0.0
     211     228       1         0.0965          326.0     0.0
     211     228       1         0.0965          326.0     0.0
     214     216       1         0.0673          468.0     0.0
     214     216       1         0.0673          468.0     0.0
     214     217       1         0.0965          326.0     0.0
     216     217       1         0.0673          468.0     0.0
     217     225       1         0.0965          326.0     0.0
     219     220       1        0.00332         7711.0     0.0
     219     222       1        0.00238         9952.0     0.0
     219     227       1        0.00226        11408.0     0.0
     219     227       1        0.00226        11408.0     0.0
     220     221       1         0.0602          523.0     0.0
     220     221       1         0.0537          586.0     0.0
     220     222       1        0.00225        11202.0     0.0
     220     222       1        0.00238         9952.0     0.0
     220     222       1        0.00225        11202.0     0.0
     220     222       1        0.00238         9952.0     0.0
     220     226       1         0.0172         1833.0     0.0
     220     227       1        0.00106        23786.0     0.0
     220     227       1        0.00106        23786.0     0.0
     221     222       1         0.0349          902.0     0.0
     221     223       1         0.0878          358.0     0.0
     221     225       1         0.0374          842.0     0.0
     221     225       1         0.0372          846.0     0.0
     221     226       1         0.0392          803.0     0.0
     222     225       1          0.034          924.0     0.0
     222     225       1         0.0349          902.0     0.0
     222     231       1         0.1369          231.0     0.0
     230     231       1         0.0046         6867.0     0.0
     234     235       1         0.0111         2817.0     0.0
     236     237       1        0.13702          229.0     0.0
     236     238       1        0.27403          115.0     0.0
     236     238       1        0.27403          115.0     0.0
     237     238       1        0.13702          229.0     0.0
       1       2       1          0.011         2872.0     0.0
       1       2       1          0.011         2872.0     0.0
       2       3       1         0.0138         2289.0     0.0
       2       3       1         0.0139         2272.0     0.0
       7       8       1         0.0146         2164.0     0.0
       7       8       1         0.0146         2164.0     0.0
      14      15       1         0.0072         4388.0     0.0
      18      20       1         0.0138         2289.0     0.0
      24      33       1         0.0138         2289.0     0.0
      26      27       1          0.005         6318.0     0.0
      26      27       1          0.005         6318.0     0.0
      30      31       1          0.005         6318.0     0.0
      30      31       1          0.005         6318.0     0.0
      35      42       1          0.005         6318.0     0.0
      37      44       1        0.01149         2750.0     0.0
      37      44       1        0.01149         2750.0     0.0
      37      44       1        0.01149         2750.0     0.0
      38      69       1        0.00115        27468.0     0.0
      46      47       1          0.005         6318.0     0.0
      46      47       1          0.005         6318.0     0.0
      46      47       1          0.005         6318.0     0.0
      51      62       1        0.01386         2279.0     0.0
      52      65       1        0.01386         2279.0     0.0
      52      65       1        0.01386         2279.0     0.0
      53      57       1        0.02338         1351.0     0.0
      55      71       1        0.01491         2117.0     0.0
      56      71       1        0.01491         2117.0     0.0
      64      71       1         0.0133         2375.0     0.0
      64      71       1         0.0134         2357.0     0.0
      80      82       1         0.0299         1056.0     0.0
      92      94       1         0.0174         1816.0     0.0
      92      94       1         0.0174         1816.0     0.0
      92      94       1         0.0174         1816.0     0.0
     109     215       1         0.0299         1056.0     0.0
     109     215       1         0.0299         1056.0     0.0
     112     114       1         0.0174         1816.0     0.0
     113     115       1         0.0174         1816.0     0.0
     113     115       1         0.0119         2655.0     0.0
     127     143       1         0.0174         1816.0     0.0
     128     144       1         0.0174         1816.0     0.0
     129     149       1         0.0174         1816.0     0.0
     130     150       1         0.0125         2527.0     0.0
     131     148       1         0.0174         1816.0     0.0
     132     147       1         0.0174         1816.0     0.0
     137     151       1         0.0299         1056.0     0.0
     146     152       1         0.0299         1056.0     0.0
     146     152       1         0.0299         1056.0     0.0
     156     163       1         0.0072         4388.0     0.0
     161     164       1        0.01181         2675.0     0.0
     161     164       1        0.00735         4298.0     0.0
     162     165       1        0.00221        14293.0     0.0
     179     180       1           0.01         3159.0     0.0
     190     191       1           0.01         3159.0     0.0
     195     196       1         0.0072         4388.0     0.0
     197     198       1         0.0181         1745.0     0.0
     200     202       1         0.0181         1745.0     0.0
     201     203       1         0.0181         1745.0     0.0
     207     209       1         0.0181         1745.0     0.0
     208     210       1         0.0181         1745.0     0.0
     214     215       1         0.0299         1056.0     0.0
     214     215       1         0.0299         1056.0     0.0
     219     228       1         0.0181         1745.0     0.0
     219     228       1         0.0181         1745.0     0.0
     223     224       1         0.0195         1620.0     0.0
     234     236       1         0.0174         1816.0     0.0
     235     238       1         0.0174         1816.0     0.0
       2       5       1         0.0005        63175.0     0.0
       4       6       1         0.0005        63175.0     0.0
       7       9       1         0.0005        63175.0     0.0
      11      12       1         0.0005        63175.0     0.0
      13      16       1         0.0005        63175.0     0.0
      15      17       1         0.0005        63175.0     0.0
      18      21       1         0.0005        63175.0     0.0
      22      23       1         0.0005        63175.0     0.0
      24      25       1         0.0005        63175.0     0.0
      28      29       1         0.0005        63175.0     0.0
      31      32       1         0.0005        63175.0     0.0
      41      45       1         0.0005        63175.0     0.0
      48      49       1         0.0005        63175.0     0.0
      54      74       1         0.0005        63175.0     0.0
      58      76       1         0.0005        63175.0     0.0
      60      72       1         0.0005        63175.0     0.0
      61      73       1         0.0005        63175.0     0.0
      62      75       1         0.0005        63175.0     0.0
      81      84       1         0.0005        63175.0     0.0
      83      85       1         0.0005        63175.0     0.0
      89      91       1         0.0005        63175.0     0.0
      94      97       1         0.0005        63175.0     0.0
      99     103       1         0.0005        63175.0     0.0
     100     104       1         0.0005        63175.0     0.0
     105     106       1         0.0005        63175.0     0.0
     107     108       1         0.0005        63175.0     0.0
     109     110       1         0.0005        63175.0     0.0
     111     117       1         0.0005        63175.0     0.0
     115     118       1         0.0005        63175.0     0.0
     116     119       1         0.0005        63175.0     0.0
     128     154       1         0.0005        63175.0     0.0
     147     153       1         0.0005        63175.0     0.0
     149     155       1         0.0005        63175.0     0.0
     156     166       1         0.0005        63175.0     0.0
     160     167       1         0.0005        63175.0     0.0
     164     168       1         0.0005        63175.0     0.0
     177     181       1         0.0005        63175.0     0.0
     178     182       1         0.0005        63175.0     0.0
     183     187       1         0.0005        63175.0     0.0
     184     188       1         0.0005        63175.0     0.0
     189     193       1         0.0005        63175.0     0.0
     190     194       1         0.0005        63175.0     0.0
     196     199       1         0.0005        63175.0     0.0
     200     205       1         0.0005        63175.0     0.0
     204     206       1         0.0005        63175.0     0.0
     209     212       1         0.0005        63175.0     0.0
     211     213       1         0.0005        63175.0     0.0
     216     218       1         0.0005        63175.0     0.0
     221     229       1         0.0005        63175.0     0.0
     230     232       1         0.0005        63175.0     0.0
     231     233       1         0.0005        63175.0     0.0
     236     239       1         0.0005        63175.0     0.0
     237     240       1         0.0005        63175.0     0.0

Candidate lines: 448
Bfr Bto Nc X Cap. Cost
       1      10       1        0.03169          996.0          3.169
       1      11       1         0.0965          326.0           9.65
       2       4       1         0.0053         5934.0           0.53
       2       8       1        0.01988         1583.0          1.988
       2       8       1        0.01988         1583.0          1.988
       2     224       1         0.0436          721.0           4.36
       4     230       1        0.27403          115.0         27.403
       4     231       1           0.11          287.0           11.0
       7      18       1         0.0211         1485.0           2.11
       7      18       1         0.0211         1485.0           2.11
      10      11       1        0.00536         5834.0          0.536
      10      19       1        0.02592         1216.0          2.592
      10      77       1        0.01369         2282.0          1.369
      11      14       1         0.0211         1485.0           2.11
      11      19       1        0.03489          904.0          3.489
      13      14       1         0.0211         1485.0           2.11
      13      19       1         0.0211         1485.0           2.11
      13      19       1         0.0673          468.0           6.73
      13      53       1        0.02524         1249.0          2.524
      13      77       1         0.0965          326.0           9.65
      15     225       1         0.1369          231.0          13.69
      18      19       1         0.0096         3288.0           0.96
      18      19       1         0.0096         3288.0           0.96
      18      30       1        0.02967         1061.0          2.967
      18      33       1        0.02967         1061.0          2.967
      20      24       1        0.07034          446.0          7.034
      22      27       1        0.05399          585.0          5.399
      22      31       1        0.05399          585.0          5.399
      24      31       1        0.07034          446.0          7.034
      26      30       1        0.02524         1249.0          2.524
      27      28       1        0.02886         1089.0          2.886
      27      28       1        0.02886         1089.0          2.886
      27      48       1        0.02886         1089.0          2.886
      28      48       1        0.02886         1089.0          2.886
      28      48       1        0.02886         1089.0          2.886
      33      36       1        0.00905         3487.0          0.905
      34      35       1        0.00753         4192.0          0.753
      34      35       1         0.0075         4208.0           0.75
      34      37       1        0.01125         2806.0          1.125
      34      37       1        0.01125         2806.0          1.125
      34      46       1         0.0128         2466.0           1.28
      34      53       1         0.0041         7696.0           0.41
      34      77       1        0.02779         1134.0          2.779
      34      78       1          0.031         1018.0            3.1
      35      46       1        0.00457         6905.0          0.457
      36      46       1         0.0093         3394.0           0.93
      37     122       1       -0.00935         3379.0          0.935
      37     124       1       -0.00935         3379.0          0.935
      37     126       1        -0.0084         3761.0           0.84
      38      39       1         0.0264         1195.0           2.64
      38      43       1        0.01187         2658.0          1.187
      38      43       1        0.01187         2658.0          1.187
      39      41       1         0.0258         1222.0           2.58
      39      43       1        0.07034          446.0          7.034
      40      41       1         0.0127         2478.0           1.27
      41      42       1        0.05399          585.0          5.399
      41      42       1        0.05399          585.0          5.399
      41      44       1         0.0395          798.0           3.95
      41      47       1        0.02886         1089.0          2.886
      42      47       1        0.02886         1089.0          2.886
      42      48       1        0.02886         1089.0          2.886
      43      44       1        0.03649          864.0          3.649
      43      44       1        0.03399          929.0          3.399
      47      48       1        0.02886         1089.0          2.886
      47      48       1        0.02886         1089.0          2.886
      77      78       1        0.01415         2231.0          1.415
      50      52       1        0.01668         1892.0          1.668
      50      53       1        0.00159        19867.0          0.159
      50      53       1        0.00159        19867.0          0.159
      50      51       1        0.01861         1696.0          1.861
      51      53       1        0.01884         1675.0          1.884
      53      77       1        0.02524         1249.0          2.524
      54     217       1         0.0965          326.0           9.65
      54     222       1         0.0245         1286.0           2.45
      54     222       1         0.0245         1286.0           2.45
      55      57       1        0.07905          396.0          7.905
      56      57       1        0.07905          396.0          7.905
      58      61       1        0.03346          942.0          3.346
      58      62       1          0.038          829.0            3.8
      58      68       1        0.04677          674.0          4.677
      58      69       1        0.03422          922.0          3.422
      59      65       1        0.00723         4360.0          0.723
      59      67       1        0.00536         5881.0          0.536
      60      63       1        0.03422          922.0          3.422
      60      63       1        0.03669          860.0          3.669
      60      66       1        0.03074         1026.0          3.074
      60      67       1        0.04296          734.0          4.296
      61      62       1        0.00434         7262.0          0.434
      62      65       1        0.01583         1975.0          1.583
      62      65       1        0.01583         1975.0          1.583
      62      68       1        0.00967         3233.0          0.967
      62      68       1        0.00967         3233.0          0.967
      62      68       1        0.00971         3210.0          0.971
      62      68       1        0.00971         3210.0          0.971
      62      69       1        0.00393         8019.0          0.393
      62      69       1        0.00393         8019.0          0.393
      62      69       1        0.00393         8019.0          0.393
      62      70       1        0.01116         2810.0          1.116
      62      70       1        0.01116         2810.0          1.116
      63      66       1        0.00366         8587.0          0.366
      63      67       1        0.00586         5367.0          0.586
      64      66       1        0.01025         3074.0          1.025
      64      66       1        0.01025         3074.0          1.025
      65      67       1        0.01244         2528.0          1.244
      65      67       1        0.01244         2528.0          1.244
      65      70       1        0.00979         3200.0          0.979
      66      67       1        0.01189         2646.0          1.189
      79      80       1         0.0127         2478.0           1.27
      79      80       1         0.0127         2478.0           1.27
      80      81       1         0.0127         2478.0           1.27
      80      81       1         0.0127         2478.0           1.27
      80      81       1         0.0127         2478.0           1.27
      80      93       1         0.0127         2478.0           1.27
      81      89       1         0.0127         2478.0           1.27
      81      89       1         0.0127         2478.0           1.27
      81      96       1         0.0127         2478.0           1.27
      81      96       1         0.0127         2478.0           1.27
      82      83       1        0.02886         1089.0          2.886
      86      87       1         0.0127         2478.0           1.27
      86      87       1         0.0127         2478.0           1.27
      86      88       1         0.0127         2478.0           1.27
      86      88       1         0.0127         2478.0           1.27
      86     149       1        0.02886         1089.0          2.886
      86     149       1        0.02886         1089.0          2.886
      86     150       1         0.0127         2478.0           1.27
      86     150       1         0.0127         2478.0           1.27
      87      88       1         0.0127         2478.0           1.27
      87      88       1        0.02886         1089.0          2.886
      87      89       1         0.0127         2478.0           1.27
      87      90       1         0.0127         2478.0           1.27
      87     150       1        0.02886         1089.0          2.886
      87     150       1        0.02886         1089.0          2.886
      88      89       1         0.0127         2478.0           1.27
      88      94       1         0.0127         2478.0           1.27
      88      94       1        0.02886         1089.0          2.886
      88      96       1         0.0127         2478.0           1.27
      88     149       1        0.02886         1089.0          2.886
      88     149       1        0.02886         1089.0          2.886
      89      90       1         0.0127         2478.0           1.27
      89      90       1         0.0127         2478.0           1.27
      89     149       1        0.02886         1089.0          2.886
      89     149       1        0.02886         1089.0          2.886
      90     140       1        0.02886         1089.0          2.886
      90     141       1        0.02886         1089.0          2.886
      92     128       1        0.01297         2434.0          1.297
      92     129       1       -0.00755         4184.0          0.755
      93      95       1         0.0127         2478.0           1.27
      93      95       1         0.0127         2478.0           1.27
      94      95       1         0.0127         2478.0           1.27
      94      95       1         0.0127         2478.0           1.27
      94      95       1         0.0127         2478.0           1.27
      94     144       1        0.02886         1089.0          2.886
      94     144       1        0.02886         1089.0          2.886
      96     149       1        0.02886         1089.0          2.886
      98      99       1        0.02886         1089.0          2.886
      98      99       1        0.02886         1089.0          2.886
      98     101       1        0.02886         1089.0          2.886
      98     102       1        0.02886         1089.0          2.886
      98     102       1        0.02886         1089.0          2.886
      98     114       1        0.02886         1089.0          2.886
     100     101       1        0.02886         1089.0          2.886
     100     114       1        0.02886         1089.0          2.886
     101     114       1        0.02886         1089.0          2.886
     101     114       1        0.02886         1089.0          2.886
     101     143       1        0.02886         1089.0          2.886
     101     144       1        0.02886         1089.0          2.886
     102     133       1        0.02886         1089.0          2.886
     102     133       1        0.02886         1089.0          2.886
     105     140       1        0.02886         1089.0          2.886
     105     141       1        0.02886         1089.0          2.886
     107     151       1        0.02886         1089.0          2.886
     109     152       1        0.02886         1089.0          2.886
     109     152       1        0.02886         1089.0          2.886
     111     112       1        0.01937         1630.0          1.937
     111     113       1        0.02087         1513.0          2.087
     111     113       1        0.02087         1513.0          2.087
     112     120       1          0.016         1973.0            1.6
     112     127       1        0.01985         1590.0          1.985
     113     120       1       -0.00998         3166.0          0.998
     113     121       1       -0.00935         3379.0          0.935
     113     123       1       -0.00944         3347.0          0.944
     113     125       1       -0.00935         3379.0          0.935
     113     127       1         0.0147         2138.0           1.47
     114     116       1        0.02886         1089.0          2.886
     115     116       1        0.02886         1089.0          2.886
     121     122       1        0.02659         1187.0          2.659
     123     124       1        0.02662         1186.0          2.662
     125     126       1        0.02517         1254.0          2.517
     127     128       1        0.01297         2434.0          1.297
     127     129       1        0.03644          867.0          3.644
     127     235       1       -0.01331         2374.0          1.331
     129     130       1       -0.01098         2877.0          1.098
     129     131       1        0.01035         3039.0          1.035
     129     235       1        0.05719          553.0          5.719
     130     131       1        0.01229         2549.0          1.229
     131     132       1        0.00346         8938.0          0.346
     132     156       1        0.00456         6881.0          0.456
     132     156       1        0.00456         6881.0          0.456
     133     134       1        0.02886         1089.0          2.886
     133     149       1        0.02886         1089.0          2.886
     133     237       1        0.09268          338.0          9.268
     134     146       1        0.02886         1089.0          2.886
     135     145       1        0.02886         1089.0          2.886
     135     146       1        0.02886         1089.0          2.886
     136     137       1        0.16938          185.0         16.938
     136     150       1        0.10101          310.0         10.101
     137     138       1        0.09268          338.0          9.268
     137     142       1        0.11381          275.0         11.381
     137     147       1        0.06678          467.0          6.678
     137     147       1         0.0654          477.0           6.54
     137     147       1        0.06642          470.0          6.642
     137     150       1        0.27403          115.0         27.403
     137     236       1        0.09268          338.0          9.268
     137     236       1        0.09268          338.0          9.268
     138     150       1         0.2046          153.0          20.46
     139     146       1        0.02886         1089.0          2.886
     139     146       1        0.02886         1089.0          2.886
     139     149       1        0.02886         1089.0          2.886
     139     237       1        0.09268          338.0          9.268
     141     150       1        0.02886         1089.0          2.886
     142     150       1        0.16106          195.0         16.106
     145     148       1        0.02886         1089.0          2.886
     146     148       1        0.02886         1089.0          2.886
     149     238       1        0.09268          338.0          9.268
     149     238       1        0.09268          338.0          9.268
     156     186       1        0.00239        12565.0          0.239
     156     169       1        0.01382         2283.0          1.382
     156     173       1        0.01502         2101.0          1.502
     156     176       1        0.01413         2233.0          1.413
     156     234       1        0.01293         2435.0          1.293
     157     158       1        0.02373         1330.0          2.373
     157     169       1        0.00238        13256.0          0.238
     157     170       1        0.01036         3044.0          1.036
     158     195       1        0.02689         1170.0          2.689
     159     160       1        0.01412         2235.0          1.412
     159     160       1        0.02408         1311.0          2.408
     159     160       1        0.02409         1310.0          2.409
     159     170       1        0.00737         4280.0          0.737
     159     171       1        0.01266         2492.0          1.266
     159     174       1        0.01266         2492.0          1.266
     160     161       1        0.00451         6995.0          0.451
     160     161       1        0.00446         7076.0          0.446
     160     178       1        0.02316         1363.0          2.316
     160     178       1           0.02         1580.0            2.0
     160     184       1         0.0082         3851.0           0.82
     160     201       1        0.03304          955.0          3.304
     161     162       1         0.0003       105233.0           0.03
     161     162       1         0.0003       105233.0           0.03
     161     184       1         0.0082         3851.0           0.82
     163     214       1         0.0673          468.0           6.73
     164     165       1        0.00131        24088.0          0.131
     164     165       1        0.00116        27195.0          0.116
     164     180       1           0.02         1572.0            2.0
     171     172       1        0.00165        19144.0          0.165
     172     173       1       -0.01263         2501.0          1.263
     174     175       1        0.00165        19144.0          0.165
     175     176       1       -0.01263         2501.0          1.263
     177     178       1        0.02069         1525.0          2.069
     177     178       1        0.02069         1525.0          2.069
     177     179       1          0.074          427.0            7.4
     177     179       1           0.02         1572.0            2.0
     177     183       1         0.0082         3851.0           0.82
     177     183       1         0.0082         3851.0           0.82
     178     183       1         0.0082         3851.0           0.82
     178     183       1         0.0082         3851.0           0.82
     178     184       1         0.0082         3851.0           0.82
     178     184       1         0.0082         3851.0           0.82
     178     201       1        0.02258         1397.0          2.258
     179     201       1          0.074          427.0            7.4
     180     192       1           0.02         1572.0            2.0
     183     184       1        0.02408         1311.0          2.408
     183     189       1         0.0239         1321.0           2.39
     184     185       1        0.00165        17775.0          0.165
     185     186       1        0.01266         2491.0          1.266
     189     190       1           0.07          451.0            7.0
     191     192       1           0.02         1572.0            2.0
     196     197       1        0.02316         1363.0          2.316
     196     207       1         0.0046         6867.0           0.46
     196     216       1         0.0673          468.0           6.73
     197     207       1         0.0046         6867.0           0.46
     197     207       1         0.0046         6867.0           0.46
     197     219       1         0.0673          468.0           6.73
     197     219       1         0.0673          468.0           6.73
     198     203       1         0.0965          326.0           9.65
     198     211       1         0.0965          326.0           9.65
     200     201       1        0.01405         2231.0          1.405
     202     204       1          0.074          427.0            7.4
     203     204       1          0.025         1263.0            2.5
     202     209       1         0.0965          326.0           9.65
     202     209       1         0.0965          326.0           9.65
     202     210       1         0.0965          326.0           9.65
     208     230       1         0.0046         6867.0           0.46
     209     210       1         0.0965          326.0           9.65
     209     211       1         0.0965          326.0           9.65
     209     211       1         0.0965          326.0           9.65
     211     228       1         0.0965          326.0           9.65
     211     228       1         0.0965          326.0           9.65
     214     216       1         0.0673          468.0           6.73
     214     216       1         0.0673          468.0           6.73
     214     217       1         0.0965          326.0           9.65
     216     217       1         0.0673          468.0           6.73
     217     225       1         0.0965          326.0           9.65
     219     220       1        0.00332         7711.0          0.332
     219     222       1        0.00238         9952.0          0.238
     219     227       1        0.00226        11408.0          0.226
     219     227       1        0.00226        11408.0          0.226
     220     221       1         0.0602          523.0           6.02
     220     221       1         0.0537          586.0           5.37
     220     222       1        0.00225        11202.0          0.225
     220     222       1        0.00238         9952.0          0.238
     220     222       1        0.00225        11202.0          0.225
     220     222       1        0.00238         9952.0          0.238
     220     226       1         0.0172         1833.0           1.72
     220     227       1        0.00106        23786.0          0.106
     220     227       1        0.00106        23786.0          0.106
     221     222       1         0.0349          902.0           3.49
     221     223       1         0.0878          358.0           8.78
     221     225       1         0.0374          842.0           3.74
     221     225       1         0.0372          846.0           3.72
     221     226       1         0.0392          803.0           3.92
     222     225       1          0.034          924.0            3.4
     222     225       1         0.0349          902.0           3.49
     222     231       1         0.1369          231.0          13.69
     230     231       1         0.0046         6867.0           0.46
     234     235       1         0.0111         2817.0           1.11
     236     237       1        0.13702          229.0         13.702
     236     238       1        0.27403          115.0         27.403
     236     238       1        0.27403          115.0         27.403
     237     238       1        0.13702          229.0         13.702
       1       2       1          0.011         2872.0            1.1
       1       2       1          0.011         2872.0            1.1
       2       3       1         0.0138         2289.0           1.38
       2       3       1         0.0139         2272.0           1.39
       7       8       1         0.0146         2164.0           1.46
       7       8       1         0.0146         2164.0           1.46
      14      15       1         0.0072         4388.0           0.72
      18      20       1         0.0138         2289.0           1.38
      24      33       1         0.0138         2289.0           1.38
      26      27       1          0.005         6318.0            0.5
      26      27       1          0.005         6318.0            0.5
      30      31       1          0.005         6318.0            0.5
      30      31       1          0.005         6318.0            0.5
      35      42       1          0.005         6318.0            0.5
      37      44       1        0.01149         2750.0          1.149
      37      44       1        0.01149         2750.0          1.149
      37      44       1        0.01149         2750.0          1.149
      38      69       1        0.00115        27468.0          0.115
      46      47       1          0.005         6318.0            0.5
      46      47       1          0.005         6318.0            0.5
      46      47       1          0.005         6318.0            0.5
      51      62       1        0.01386         2279.0          1.386
      52      65       1        0.01386         2279.0          1.386
      52      65       1        0.01386         2279.0          1.386
      53      57       1        0.02338         1351.0          2.338
      55      71       1        0.01491         2117.0          1.491
      56      71       1        0.01491         2117.0          1.491
      64      71       1         0.0133         2375.0           1.33
      64      71       1         0.0134         2357.0           1.34
      80      82       1         0.0299         1056.0           2.99
      92      94       1         0.0174         1816.0           1.74
      92      94       1         0.0174         1816.0           1.74
      92      94       1         0.0174         1816.0           1.74
     109     215       1         0.0299         1056.0           2.99
     109     215       1         0.0299         1056.0           2.99
     112     114       1         0.0174         1816.0           1.74
     113     115       1         0.0174         1816.0           1.74
     113     115       1         0.0119         2655.0           1.19
     127     143       1         0.0174         1816.0           1.74
     128     144       1         0.0174         1816.0           1.74
     129     149       1         0.0174         1816.0           1.74
     130     150       1         0.0125         2527.0           1.25
     131     148       1         0.0174         1816.0           1.74
     132     147       1         0.0174         1816.0           1.74
     137     151       1         0.0299         1056.0           2.99
     146     152       1         0.0299         1056.0           2.99
     146     152       1         0.0299         1056.0           2.99
     156     163       1         0.0072         4388.0           0.72
     161     164       1        0.01181         2675.0          1.181
     161     164       1        0.00735         4298.0          0.735
     162     165       1        0.00221        14293.0          0.221
     179     180       1           0.01         3159.0            1.0
     190     191       1           0.01         3159.0            1.0
     195     196       1         0.0072         4388.0           0.72
     197     198       1         0.0181         1745.0           1.81
     200     202       1         0.0181         1745.0           1.81
     201     203       1         0.0181         1745.0           1.81
     207     209       1         0.0181         1745.0           1.81
     208     210       1         0.0181         1745.0           1.81
     214     215       1         0.0299         1056.0           2.99
     214     215       1         0.0299         1056.0           2.99
     219     228       1         0.0181         1745.0           1.81
     219     228       1         0.0181         1745.0           1.81
     223     224       1         0.0195         1620.0           1.95
     234     236       1         0.0174         1816.0           1.74
     235     238       1         0.0174         1816.0           1.74
       2       5       1         0.0005        63175.0           0.05
       4       6       1         0.0005        63175.0           0.05
       7       9       1         0.0005        63175.0           0.05
      11      12       1         0.0005        63175.0           0.05
      13      16       1         0.0005        63175.0           0.05
      15      17       1         0.0005        63175.0           0.05
      18      21       1         0.0005        63175.0           0.05
      22      23       1         0.0005        63175.0           0.05
      24      25       1         0.0005        63175.0           0.05
      28      29       1         0.0005        63175.0           0.05
      31      32       1         0.0005        63175.0           0.05
      41      45       1         0.0005        63175.0           0.05
      48      49       1         0.0005        63175.0           0.05
      54      74       1         0.0005        63175.0           0.05
      58      76       1         0.0005        63175.0           0.05
      60      72       1         0.0005        63175.0           0.05
      61      73       1         0.0005        63175.0           0.05
      62      75       1         0.0005        63175.0           0.05
      81      84       1         0.0005        63175.0           0.05
      83      85       1         0.0005        63175.0           0.05
      89      91       1         0.0005        63175.0           0.05
      94      97       1         0.0005        63175.0           0.05
      99     103       1         0.0005        63175.0           0.05
     100     104       1         0.0005        63175.0           0.05
     105     106       1         0.0005        63175.0           0.05
     107     108       1         0.0005        63175.0           0.05
     109     110       1         0.0005        63175.0           0.05
     111     117       1         0.0005        63175.0           0.05
     115     118       1         0.0005        63175.0           0.05
     116     119       1         0.0005        63175.0           0.05
     128     154       1         0.0005        63175.0           0.05
     147     153       1         0.0005        63175.0           0.05
     149     155       1         0.0005        63175.0           0.05
     156     166       1         0.0005        63175.0           0.05
     160     167       1         0.0005        63175.0           0.05
     164     168       1         0.0005        63175.0           0.05
     177     181       1         0.0005        63175.0           0.05
     178     182       1         0.0005        63175.0           0.05
     183     187       1         0.0005        63175.0           0.05
     184     188       1         0.0005        63175.0           0.05
     189     193       1         0.0005        63175.0           0.05
     190     194       1         0.0005        63175.0           0.05
     196     199       1         0.0005        63175.0           0.05
     200     205       1         0.0005        63175.0           0.05
     204     206       1         0.0005        63175.0           0.05
     209     212       1         0.0005        63175.0           0.05
     211     213       1         0.0005        63175.0           0.05
     216     218       1         0.0005        63175.0           0.05
     221     229       1         0.0005        63175.0           0.05
     230     232       1         0.0005        63175.0           0.05
     231     233       1         0.0005        63175.0           0.05
     236     239       1         0.0005        63175.0           0.05
     237     240       1         0.0005        63175.0           0.05

Generation and demand by bus: 189
Bus G D
       2            0.0       226.8419
       3            0.0      2153.3224
       4            0.0      1037.9499
       5         1387.0            0.0
       6         3911.0            0.0
       7            0.0      4527.3661
       8            0.0       176.4436
       9         2342.9            0.0
      10            0.0       166.9882
      11            0.0         875.61
      12         1835.5            0.0
      13            0.0      2704.7793
      14            0.0        17.5556
      15            0.0       6235.136
      16         2060.0            0.0
      17         3085.5            0.0
      18            0.0      6535.5365
      19            0.0      5366.6305
      21        5630.85            0.0
      22            0.0       2207.188
      23         1419.5            0.0
      24            0.0       281.1513
      25          789.5            0.0
      27            0.0       1545.949
      28            0.0      1708.5525
      29         1229.5            0.0
      32          559.0            0.0
      33            0.0       843.2926
      34            0.0       882.3636
      35            0.0      1080.0201
      36            0.0       1050.004
      38            0.0       824.6826
      39            0.0       737.4036
      40            0.0       1732.771
      41            0.0      1743.2768
      42            0.0      1601.7777
      43            0.0      1576.7872
      44            0.0      1087.6239
      45         7805.0            0.0
      47            0.0      2369.1531
      48            0.0      1845.9256
      49         1116.0            0.0
      52            0.0        99.2784
      54            0.0      2050.7816
      58            0.0        99.2784
      59            0.0       134.0261
      60            0.0        99.2784
      61            0.0        99.2784
      62            0.0       120.1277
      63            0.0        317.693
      64            0.0       137.0047
      65            0.0       801.9756
      66            0.0       116.1565
      67            0.0       120.1277
      68            0.0       881.2994
      70            0.0       203.7206
      71            0.0       235.4897
      72         1346.0            0.0
      73          159.0            0.0
      74          950.0            0.0
      75           55.0            0.0
      79            0.0       341.3057
      80            0.0       159.4648
      81            0.0       419.6109
      82            0.0       309.9718
      83            0.0       239.3018
      84          21.05            0.0
      85          197.5            0.0
      86            0.0       462.4769
      87            0.0       586.1795
      88            0.0       657.1046
      89            0.0       668.7879
      90            0.0       546.0609
      91         2073.0            0.0
      93            0.0       345.3259
      94            0.0       625.4106
      95            0.0       533.4822
      96            0.0       430.3196
      97          451.5            0.0
      98            0.0       557.7071
     100            0.0       515.9687
     101            0.0        438.461
     102            0.0       448.8976
     103          147.0            0.0
     104         1322.0            0.0
     105            0.0       625.0164
     106          611.5            0.0
     107            0.0       104.8564
     108           98.0            0.0
     109            0.0       317.0506
     110          127.5            0.0
     111            0.0       191.2229
     114            0.0       223.6404
     115            0.0       499.3888
     116            0.0       289.5858
     117         1133.5            0.0
     118          690.5            0.0
     119          510.5            0.0
     128            0.0       152.9913
     129            0.0       213.2478
     133            0.0       461.3573
     134            0.0       200.2788
     135            0.0        170.957
     136            0.0       241.8392
     137            0.0       233.1345
     138            0.0       174.5029
     139            0.0       329.5484
     140            0.0       227.7536
     141            0.0       254.4589
     142            0.0       155.0024
     143            0.0       238.1882
     144            0.0       319.2809
     145            0.0       184.5093
     146            0.0       172.5018
     147            0.0       150.8902
     148            0.0       253.4454
     149            0.0       399.0618
     150            0.0       332.4879
     152            0.0       267.3529
     153         2005.0            0.0
     154          739.0            0.0
     155         2946.5            0.0
     157            0.0       168.6841
     159            0.0       270.4505
     160            0.0       480.1144
     163            0.0       285.1446
     164            0.0      2208.7429
     165            0.0      3133.6101
     166         1148.0            0.0
     167         2885.0            0.0
     168         1748.5            0.0
     177            0.0       995.0275
     178            0.0        480.649
     179            0.0        11.6269
     180            0.0      2527.7724
     181         6601.5            0.0
     182         5217.0            0.0
     183            0.0      5762.6589
     184            0.0      4558.2389
     185            0.0      4379.6262
     186            0.0      1014.5202
     187         3217.5            0.0
     188          986.0            0.0
     189            0.0      7574.0522
     190            0.0      9003.9839
     191            0.0       615.2178
     193         5004.4            0.0
     194         7706.6            0.0
     196            0.0      1053.1441
     197            0.0        391.888
     198            0.0       1694.958
     199         1361.5            0.0
     200            0.0         205.82
     201            0.0        88.7215
     202            0.0      1112.3464
     203            0.0      1199.2957
     204            0.0       489.2825
     205         1325.5            0.0
     206          505.0            0.0
     207            0.0       516.3779
     208            0.0       591.8185
     209            0.0       746.6019
     211            0.0        60.2324
     212         1795.0            0.0
     213         1703.0            0.0
     214            0.0      1672.3727
     215            0.0       272.5124
     216            0.0         2.1985
     217            0.0          28.98
     218          914.0            0.0
     219            0.0       195.5463
     220            0.0      1555.5773
     221            0.0       441.1533
     222            0.0       296.9666
     223            0.0         6.7947
     225            0.0        540.775
     226            0.0       131.8343
     227            0.0         8.5932
     228            0.0      1946.0167
     229         2872.0            0.0
     230            0.0      7453.9144
     231            0.0      2554.8345
     232        3809.05            0.0
     233         1660.5            0.0
     236            0.0       652.6717
     237            0.0      3787.8915
     238            0.0      1321.2379
     239          786.0            0.0
     240         1624.0            0.0
