Bus data: 5

Existing lines: 6
Bfr Bto Nc X Cap. Cost
       1       2       1         0.0281          400.0     0.0
       1       4       1         0.0304          426.0     0.0
       1       5       1         0.0064          426.0     0.0
       2       3       1         0.0108          426.0     0.0
       3       4       1         0.0297          426.0     0.0
       4       5       1         0.0297          240.0     0.0

Candidate lines: 6
Bfr Bto Nc X Cap. Cost
       1       2       1         0.0281          400.0           2.81
       1       4       1         0.0304          426.0           3.04
       1       5       1         0.0064          426.0           0.64
       2       3       1         0.0108          426.0           1.08
       3       4       1         0.0297          426.0           2.97
       4       5       1         0.0297          240.0           2.97

Generation and demand by bus: 5
Bus G D
       1          105.0            0.0
       2            0.0          300.0
       3          260.0          300.0
       4          100.0          400.0
       5          300.0            0.0
