Bus data: 179

Existing lines: 263
Bfr Bto Nc X Cap. Cost
       1       2       1         0.0146         2196.0     0.0
       1       3       1         0.0173         1853.0     0.0
       2       7       1        0.01988         1606.0     0.0
       4       5       1        0.01238         2589.0     0.0
       4      10       1          0.015         2137.0     0.0
      16       4       1           0.11          291.0     0.0
       4     159       1         0.1369          234.0     0.0
       6       7       1          0.011         2914.0     0.0
       6       7       1          0.011         2914.0     0.0
       6      27       1        0.00408        5501.81     0.0
       7       8       1         0.0059         5432.0     0.0
       7       9       1         0.0138         2322.0     0.0
       7       9       1         0.0139         2306.0     0.0
       7      16       1         0.0053        2202.27     0.0
     162       7       1         0.0436          731.0     0.0
      11      12       1        0.00666         4813.0     0.0
      11      19       1        0.00634         5055.0     0.0
      11      21       1        0.01188         2698.0     0.0
      11     138       1         0.0211         1506.0     0.0
      20      13       1        0.00634         5055.0     0.0
      13      23       1        0.00826         3880.0     0.0
      13      25       1        0.01795         1786.0     0.0
      28      13       1        0.00612         5237.0     0.0
      15      14       1        0.00495         6474.0     0.0
      15      18       1         0.0096         3336.0     0.0
      15      18       1         0.0096         3336.0     0.0
      15     135       1        0.02967         1077.0     0.0
      15     135       1        0.02967         1077.0     0.0
      16      17       1          0.006         5342.0     0.0
      22      18       1        0.01188         2698.0     0.0
      24      18       1        0.00826         3880.0     0.0
      19      20       1        0.01804         1775.0     0.0
      21      22       1        0.05865          546.0     0.0
      23      24       1        0.04244          755.0     0.0
      25      26       1        0.04959          646.0     0.0
      26     138       1        0.01795         1786.0     0.0
      27      28       1        0.04189          765.0     0.0
      30      29       1         0.0015        21366.0     0.0
      30      31       1           0.07          458.0     0.0
      30      79       1         0.0239         1341.0     0.0
      31      32       1           0.01         3205.0     0.0
      32      33       1           0.02         855.66     0.0
      33      34       1          0.002        16025.0     0.0
      84      35       1         0.0046         6968.0     0.0
      36      37       1        0.01861         1721.0     0.0
      36      55       1        0.01668         1920.0     0.0
      36      63       1        0.00159        5755.18     0.0
      36      63       1        0.00159        5757.14     0.0
      37      47       1        0.00693         4624.0     0.0
      38      39       1         0.0238         1347.0     0.0
      38      45       1        0.03346         892.46     0.0
      38      47       1          0.038          841.0     0.0
      38      58       1        0.04677          684.0     0.0
      38      59       1        0.03422          832.1     0.0
      54      40       1        0.00723         754.41     0.0
      40      57       1        0.00536         822.58     0.0
      41      42       1        0.02535         1264.0     0.0
      49      41       1        0.03422         761.15     0.0
      49      41       1        0.03669          872.0     0.0
      56      41       1        0.03074         768.89     0.0
      41      57       1        0.04296          745.0     0.0
      43      44       1         0.0052         6164.0     0.0
      43     159       1         0.0245         1305.0     0.0
      43     159       1         0.0245         1305.0     0.0
      47      45       1        0.00434         841.15     0.0
      47      46       1        0.11473          280.0     0.0
      48      47       1        0.01386         2312.0     0.0
      47      54       1        0.01583         855.66     0.0
      47      54       1        0.01583         905.33     0.0
      47      58       1        0.00967         772.89     0.0
      47      58       1        0.00967         912.29     0.0
      47      58       1        0.00971         763.48     0.0
      47      58       1        0.00971         911.69     0.0
      47      59       1        0.00393         837.06     0.0
      47      59       1        0.00393         783.45     0.0
      47      59       1        0.00393         804.85     0.0
      47      61       1        0.01116         758.56     0.0
      47      61       1        0.01116         759.88     0.0
      63      48       1        0.01884         1700.0     0.0
      49      56       1        0.00366         880.09     0.0
      49      57       1        0.00586          835.5     0.0
      51      50       1        0.01491         2148.0     0.0
      52      50       1        0.01491         2148.0     0.0
      53      50       1         0.0133         2410.0     0.0
      53      50       1         0.0134         2392.0     0.0
      51      62       1        0.07905          402.0     0.0
      52      62       1        0.07905          402.0     0.0
      56      53       1        0.01025         765.61     0.0
      56      53       1        0.01025         898.03     0.0
      55      54       1        0.01386         2313.0     0.0
      55      54       1        0.01386         2313.0     0.0
      54      57       1        0.01244         856.67     0.0
      54      57       1        0.01244         852.17     0.0
      61      54       1        0.00979         868.54     0.0
      56      57       1        0.01189         908.69     0.0
      59      60       1        0.00115        27869.0     0.0
     136      60       1         0.0264         848.66     0.0
     149      60       1        0.01187         913.99     0.0
     149      60       1        0.01187         773.57     0.0
      63      62       1        0.02338         1371.0     0.0
     138      63       1        0.02524         1267.0     0.0
     138      63       1        0.02524         1267.0     0.0
     141      63       1         0.0041        5830.69     0.0
      65      64       1          0.005         6410.0     0.0
      77      65       1          0.074          434.0     0.0
      67      66       1         0.0299         1072.0     0.0
      68      67       1        0.01181         2714.0     0.0
      68      67       1        0.00735         4361.0     0.0
      67      69       1        0.01034         3100.0     0.0
      67      70       1        0.00131         828.29     0.0
      67      70       1        0.00116         776.56     0.0
      68      71       1         0.0003        5711.04     0.0
      68      71       1         0.0003         5829.8     0.0
      68      75       1        0.00451        5923.31     0.0
      68      75       1        0.00446        6169.99     0.0
      71      70       1        0.00221        14502.0     0.0
      74      72       1        0.01405         2263.0     0.0
      77      73       1        0.02069         1547.0     0.0
      74      75       1        0.03304          969.0     0.0
      74      77       1        0.02258         1417.0     0.0
      75      76       1        0.00375         8547.0     0.0
      77      75       1        0.02316         1382.0     0.0
      77      75       1           0.02         1603.0     0.0
      81      75       1        0.01412         2268.0     0.0
      81      75       1        0.02408         1330.0     0.0
      81      75       1        0.02409         1330.0     0.0
      79      77       1         0.0082         3908.0     0.0
      79      77       1         0.0082         3908.0     0.0
      79      78       1         0.0025        12820.0     0.0
      80      98       1        0.05356          598.0     0.0
      80     179       1        0.02667         1202.0     0.0
      81      86       1        0.00737         4342.0     0.0
      81      90       1        0.01266         2529.0     0.0
      81      94       1        0.01266         2529.0     0.0
      82      88       1        0.01382         2316.0     0.0
      93      82       1        0.01502         2131.0     0.0
      97      82       1        0.01413         2266.0     0.0
      82     167       1         0.0072         4452.0     0.0
      82     169       1        0.00864         3710.0     0.0
      82     171       1           0.01         3205.0     0.0
      83      84       1         0.0072         4452.0     0.0
      98      83       1        0.02667         1202.0     0.0
     155      84       1         0.0673          475.0     0.0
      87      85       1        0.01036         3089.0     0.0
      89      85       1        0.00238        5500.98     0.0
     179      85       1        0.02373         1349.0     0.0
      86      87       1        0.01263         2538.0     0.0
      88      89       1        0.00858         3736.0     0.0
      90      91       1        0.01263         2538.0     0.0
      91      92       1        0.01428         2242.0     0.0
      92      93       1        0.01263         2538.0     0.0
      94      95       1        0.01263         2538.0     0.0
      95      96       1        0.01428         2242.0     0.0
      96      97       1        0.01263         2538.0     0.0
     100      99       1        0.16938          188.0     0.0
      99     116       1        0.10101          314.0     0.0
     100     104       1        0.09268          343.0     0.0
     100     105       1        0.11381          279.0     0.0
     100     112       1        0.06678          474.0     0.0
     100     112       1         0.0654          484.0     0.0
     100     112       1        0.06642          476.0     0.0
     100     116       1        0.27403          116.0     0.0
     101     102       1         0.0098         3271.0     0.0
     103     101       1        0.01937         1654.0     0.0
     101     107       1        0.02087         1535.0     0.0
     101     107       1        0.02087         1535.0     0.0
     106     103       1        0.01985         1614.0     0.0
     133     103       1        0.03644          880.0     0.0
     103     134       1          0.016         2002.0     0.0
     104     116       1         0.2046          155.0     0.0
     105     116       1        0.16106          198.0     0.0
     106     107       1         0.0147         2169.0     0.0
     109     106       1        0.01297         2469.0     0.0
     108     107       1         0.0174         1842.0     0.0
     108     107       1         0.0119         2694.0     0.0
     132     107       1        0.01331         2408.0     0.0
     134     107       1        0.00998         3212.0     0.0
     107     173       1        0.00935         3428.0     0.0
     107     175       1        0.00944         3395.0     0.0
     107     177       1        0.00935         3428.0     0.0
     110     119       1           0.01         3205.0     0.0
     172     110       1           0.01         3205.0     0.0
     111     112       1        0.02281         1406.0     0.0
     112     113       1         0.0174         1842.0     0.0
     113     123       1        0.00998         3212.0     0.0
     113     125       1        0.00998         3212.0     0.0
     168     113       1         0.0072         4452.0     0.0
     170     113       1         0.0072         4452.0     0.0
     124     114       1        0.00666         4813.0     0.0
     126     114       1        0.00666         4813.0     0.0
     114     127       1         0.0112         2862.0     0.0
     114     129       1         0.0072         4452.0     0.0
     115     116       1        0.01815         1766.0     0.0
     116     118       1         0.0125         2564.0     0.0
     117     118       1        0.00448         7154.0     0.0
     122     118       1           0.01         3205.0     0.0
     128     118       1         0.0112         2862.0     0.0
     130     118       1         0.0036        5209.14     0.0
     118     131       1        0.00755         4245.0     0.0
     118     133       1        0.01098         2919.0     0.0
     119     120       1        0.01952         1641.0     0.0
     120     121       1           0.01         3205.0     0.0
     121     122       1        0.02119         1512.0     0.0
     123     124       1        0.02338         1369.0     0.0
     125     126       1        0.02338         1369.0     0.0
     127     128       1        0.03409          940.0     0.0
     129     130       1        0.02102         1524.0     0.0
     131     132       1        0.05719          561.0     0.0
     135     151       1        0.00905         3538.0     0.0
     136     142       1         0.0258         911.65     0.0
     136     149       1        0.07034          453.0     0.0
     137     138       1        0.01512         2120.0     0.0
     138     141       1        0.02779         1151.0     0.0
     146     138       1        0.01415         2264.0     0.0
     139     140       1        0.00365         8781.0     0.0
     140     142       1         0.0127         859.21     0.0
     141     144       1        0.00753         4254.0     0.0
     141     144       1         0.0075         4269.0     0.0
     141     146       1          0.031         1032.0     0.0
     141     150       1         0.0128         2502.0     0.0
     141     152       1        0.01125         2847.0     0.0
     141     152       1        0.01125         2847.0     0.0
     145     142       1        0.05399          594.0     0.0
     153     142       1         0.0395         754.67     0.0
     143     144       1        0.00516         6211.0     0.0
     144     145       1          0.005         6410.0     0.0
     144     150       1        0.00457        5370.29     0.0
     146     147       1         0.0098         3271.0     0.0
     148     149       1        0.01026         3124.0     0.0
     149     153       1        0.03649          876.0     0.0
     149     153       1        0.03399         873.01     0.0
     150     151       1         0.0093         3443.0     0.0
     152     153       1        0.01149         2790.0     0.0
     152     153       1        0.01149         2790.0     0.0
     152     153       1        0.01149         2790.0     0.0
     174     152       1        0.00935         3428.0     0.0
     176     152       1        0.00935         3428.0     0.0
     178     152       1         0.0084         3816.0     0.0
     155     154       1         0.0332          963.0     0.0
     154     157       1         0.0602          531.0     0.0
     154     157       1         0.0537          595.0     0.0
     154     159       1         0.0225         1421.0     0.0
     154     159       1         0.0238         1342.0     0.0
     154     164       1         0.0172         1859.0     0.0
     154     166       1         0.0106        2253.37     0.0
     155     156       1         0.0181         1771.0     0.0
     155     166       1         0.0226         1415.0     0.0
     156     160       1         0.0965          331.0     0.0
     157     158       1         0.0058         5523.0     0.0
     157     163       1         0.0878          363.0     0.0
     157     164       1         0.0392          815.0     0.0
     157     165       1         0.0374          854.0     0.0
     157     165       1         0.0372          858.0     0.0
     159     165       1          0.034          937.0     0.0
     159     165       1         0.0349          915.0     0.0
     160     161       1         0.0141         2272.0     0.0
     163     162       1         0.0195         1644.0     0.0
     167     168       1        0.02338         1370.0     0.0
     169     170       1         0.0247         1297.0     0.0
     171     172       1         0.0323          992.0     0.0
     173     174       1        0.02659         1204.0     0.0
     175     176       1        0.02662         1203.0     0.0
     177     178       1        0.02517         1273.0     0.0

Candidate lines: 263
Bfr Bto Nc X Cap. Cost
       1       2       1         0.0146         2196.0           1.46
       1       3       1         0.0173         1853.0           1.73
       2       7       1        0.01988         1606.0          1.988
       4       5       1        0.01238         2589.0          1.238
       4      10       1          0.015         2137.0            1.5
      16       4       1           0.11          291.0           11.0
       4     159       1         0.1369          234.0          13.69
       6       7       1          0.011         2914.0            1.1
       6       7       1          0.011         2914.0            1.1
       6      27       1        0.00408        5501.81          0.408
       7       8       1         0.0059         5432.0           0.59
       7       9       1         0.0138         2322.0           1.38
       7       9       1         0.0139         2306.0           1.39
       7      16       1         0.0053        2202.27           0.53
     162       7       1         0.0436          731.0           4.36
      11      12       1        0.00666         4813.0          0.666
      11      19       1        0.00634         5055.0          0.634
      11      21       1        0.01188         2698.0          1.188
      11     138       1         0.0211         1506.0           2.11
      20      13       1        0.00634         5055.0          0.634
      13      23       1        0.00826         3880.0          0.826
      13      25       1        0.01795         1786.0          1.795
      28      13       1        0.00612         5237.0          0.612
      15      14       1        0.00495         6474.0          0.495
      15      18       1         0.0096         3336.0           0.96
      15      18       1         0.0096         3336.0           0.96
      15     135       1        0.02967         1077.0          2.967
      15     135       1        0.02967         1077.0          2.967
      16      17       1          0.006         5342.0            0.6
      22      18       1        0.01188         2698.0          1.188
      24      18       1        0.00826         3880.0          0.826
      19      20       1        0.01804         1775.0          1.804
      21      22       1        0.05865          546.0          5.865
      23      24       1        0.04244          755.0          4.244
      25      26       1        0.04959          646.0          4.959
      26     138       1        0.01795         1786.0          1.795
      27      28       1        0.04189          765.0          4.189
      30      29       1         0.0015        21366.0           0.15
      30      31       1           0.07          458.0            7.0
      30      79       1         0.0239         1341.0           2.39
      31      32       1           0.01         3205.0            1.0
      32      33       1           0.02         855.66            2.0
      33      34       1          0.002        16025.0            0.2
      84      35       1         0.0046         6968.0           0.46
      36      37       1        0.01861         1721.0          1.861
      36      55       1        0.01668         1920.0          1.668
      36      63       1        0.00159        5755.18          0.159
      36      63       1        0.00159        5757.14          0.159
      37      47       1        0.00693         4624.0          0.693
      38      39       1         0.0238         1347.0           2.38
      38      45       1        0.03346         892.46          3.346
      38      47       1          0.038          841.0            3.8
      38      58       1        0.04677          684.0          4.677
      38      59       1        0.03422          832.1          3.422
      54      40       1        0.00723         754.41          0.723
      40      57       1        0.00536         822.58          0.536
      41      42       1        0.02535         1264.0          2.535
      49      41       1        0.03422         761.15          3.422
      49      41       1        0.03669          872.0          3.669
      56      41       1        0.03074         768.89          3.074
      41      57       1        0.04296          745.0          4.296
      43      44       1         0.0052         6164.0           0.52
      43     159       1         0.0245         1305.0           2.45
      43     159       1         0.0245         1305.0           2.45
      47      45       1        0.00434         841.15          0.434
      47      46       1        0.11473          280.0         11.473
      48      47       1        0.01386         2312.0          1.386
      47      54       1        0.01583         855.66          1.583
      47      54       1        0.01583         905.33          1.583
      47      58       1        0.00967         772.89          0.967
      47      58       1        0.00967         912.29          0.967
      47      58       1        0.00971         763.48          0.971
      47      58       1        0.00971         911.69          0.971
      47      59       1        0.00393         837.06          0.393
      47      59       1        0.00393         783.45          0.393
      47      59       1        0.00393         804.85          0.393
      47      61       1        0.01116         758.56          1.116
      47      61       1        0.01116         759.88          1.116
      63      48       1        0.01884         1700.0          1.884
      49      56       1        0.00366         880.09          0.366
      49      57       1        0.00586          835.5          0.586
      51      50       1        0.01491         2148.0          1.491
      52      50       1        0.01491         2148.0          1.491
      53      50       1         0.0133         2410.0           1.33
      53      50       1         0.0134         2392.0           1.34
      51      62       1        0.07905          402.0          7.905
      52      62       1        0.07905          402.0          7.905
      56      53       1        0.01025         765.61          1.025
      56      53       1        0.01025         898.03          1.025
      55      54       1        0.01386         2313.0          1.386
      55      54       1        0.01386         2313.0          1.386
      54      57       1        0.01244         856.67          1.244
      54      57       1        0.01244         852.17          1.244
      61      54       1        0.00979         868.54          0.979
      56      57       1        0.01189         908.69          1.189
      59      60       1        0.00115        27869.0          0.115
     136      60       1         0.0264         848.66           2.64
     149      60       1        0.01187         913.99          1.187
     149      60       1        0.01187         773.57          1.187
      63      62       1        0.02338         1371.0          2.338
     138      63       1        0.02524         1267.0          2.524
     138      63       1        0.02524         1267.0          2.524
     141      63       1         0.0041        5830.69           0.41
      65      64       1          0.005         6410.0            0.5
      77      65       1          0.074          434.0            7.4
      67      66       1         0.0299         1072.0           2.99
      68      67       1        0.01181         2714.0          1.181
      68      67       1        0.00735         4361.0          0.735
      67      69       1        0.01034         3100.0          1.034
      67      70       1        0.00131         828.29          0.131
      67      70       1        0.00116         776.56          0.116
      68      71       1         0.0003        5711.04           0.03
      68      71       1         0.0003         5829.8           0.03
      68      75       1        0.00451        5923.31          0.451
      68      75       1        0.00446        6169.99          0.446
      71      70       1        0.00221        14502.0          0.221
      74      72       1        0.01405         2263.0          1.405
      77      73       1        0.02069         1547.0          2.069
      74      75       1        0.03304          969.0          3.304
      74      77       1        0.02258         1417.0          2.258
      75      76       1        0.00375         8547.0          0.375
      77      75       1        0.02316         1382.0          2.316
      77      75       1           0.02         1603.0            2.0
      81      75       1        0.01412         2268.0          1.412
      81      75       1        0.02408         1330.0          2.408
      81      75       1        0.02409         1330.0          2.409
      79      77       1         0.0082         3908.0           0.82
      79      77       1         0.0082         3908.0           0.82
      79      78       1         0.0025        12820.0           0.25
      80      98       1        0.05356          598.0          5.356
      80     179       1        0.02667         1202.0          2.667
      81      86       1        0.00737         4342.0          0.737
      81      90       1        0.01266         2529.0          1.266
      81      94       1        0.01266         2529.0          1.266
      82      88       1        0.01382         2316.0          1.382
      93      82       1        0.01502         2131.0          1.502
      97      82       1        0.01413         2266.0          1.413
      82     167       1         0.0072         4452.0           0.72
      82     169       1        0.00864         3710.0          0.864
      82     171       1           0.01         3205.0            1.0
      83      84       1         0.0072         4452.0           0.72
      98      83       1        0.02667         1202.0          2.667
     155      84       1         0.0673          475.0           6.73
      87      85       1        0.01036         3089.0          1.036
      89      85       1        0.00238        5500.98          0.238
     179      85       1        0.02373         1349.0          2.373
      86      87       1        0.01263         2538.0          1.263
      88      89       1        0.00858         3736.0          0.858
      90      91       1        0.01263         2538.0          1.263
      91      92       1        0.01428         2242.0          1.428
      92      93       1        0.01263         2538.0          1.263
      94      95       1        0.01263         2538.0          1.263
      95      96       1        0.01428         2242.0          1.428
      96      97       1        0.01263         2538.0          1.263
     100      99       1        0.16938          188.0         16.938
      99     116       1        0.10101          314.0         10.101
     100     104       1        0.09268          343.0          9.268
     100     105       1        0.11381          279.0         11.381
     100     112       1        0.06678          474.0          6.678
     100     112       1         0.0654          484.0           6.54
     100     112       1        0.06642          476.0          6.642
     100     116       1        0.27403          116.0         27.403
     101     102       1         0.0098         3271.0           0.98
     103     101       1        0.01937         1654.0          1.937
     101     107       1        0.02087         1535.0          2.087
     101     107       1        0.02087         1535.0          2.087
     106     103       1        0.01985         1614.0          1.985
     133     103       1        0.03644          880.0          3.644
     103     134       1          0.016         2002.0            1.6
     104     116       1         0.2046          155.0          20.46
     105     116       1        0.16106          198.0         16.106
     106     107       1         0.0147         2169.0           1.47
     109     106       1        0.01297         2469.0          1.297
     108     107       1         0.0174         1842.0           1.74
     108     107       1         0.0119         2694.0           1.19
     132     107       1        0.01331         2408.0          1.331
     134     107       1        0.00998         3212.0          0.998
     107     173       1        0.00935         3428.0          0.935
     107     175       1        0.00944         3395.0          0.944
     107     177       1        0.00935         3428.0          0.935
     110     119       1           0.01         3205.0            1.0
     172     110       1           0.01         3205.0            1.0
     111     112       1        0.02281         1406.0          2.281
     112     113       1         0.0174         1842.0           1.74
     113     123       1        0.00998         3212.0          0.998
     113     125       1        0.00998         3212.0          0.998
     168     113       1         0.0072         4452.0           0.72
     170     113       1         0.0072         4452.0           0.72
     124     114       1        0.00666         4813.0          0.666
     126     114       1        0.00666         4813.0          0.666
     114     127       1         0.0112         2862.0           1.12
     114     129       1         0.0072         4452.0           0.72
     115     116       1        0.01815         1766.0          1.815
     116     118       1         0.0125         2564.0           1.25
     117     118       1        0.00448         7154.0          0.448
     122     118       1           0.01         3205.0            1.0
     128     118       1         0.0112         2862.0           1.12
     130     118       1         0.0036        5209.14           0.36
     118     131       1        0.00755         4245.0          0.755
     118     133       1        0.01098         2919.0          1.098
     119     120       1        0.01952         1641.0          1.952
     120     121       1           0.01         3205.0            1.0
     121     122       1        0.02119         1512.0          2.119
     123     124       1        0.02338         1369.0          2.338
     125     126       1        0.02338         1369.0          2.338
     127     128       1        0.03409          940.0          3.409
     129     130       1        0.02102         1524.0          2.102
     131     132       1        0.05719          561.0          5.719
     135     151       1        0.00905         3538.0          0.905
     136     142       1         0.0258         911.65           2.58
     136     149       1        0.07034          453.0          7.034
     137     138       1        0.01512         2120.0          1.512
     138     141       1        0.02779         1151.0          2.779
     146     138       1        0.01415         2264.0          1.415
     139     140       1        0.00365         8781.0          0.365
     140     142       1         0.0127         859.21           1.27
     141     144       1        0.00753         4254.0          0.753
     141     144       1         0.0075         4269.0           0.75
     141     146       1          0.031         1032.0            3.1
     141     150       1         0.0128         2502.0           1.28
     141     152       1        0.01125         2847.0          1.125
     141     152       1        0.01125         2847.0          1.125
     145     142       1        0.05399          594.0          5.399
     153     142       1         0.0395         754.67           3.95
     143     144       1        0.00516         6211.0          0.516
     144     145       1          0.005         6410.0            0.5
     144     150       1        0.00457        5370.29          0.457
     146     147       1         0.0098         3271.0           0.98
     148     149       1        0.01026         3124.0          1.026
     149     153       1        0.03649          876.0          3.649
     149     153       1        0.03399         873.01          3.399
     150     151       1         0.0093         3443.0           0.93
     152     153       1        0.01149         2790.0          1.149
     152     153       1        0.01149         2790.0          1.149
     152     153       1        0.01149         2790.0          1.149
     174     152       1        0.00935         3428.0          0.935
     176     152       1        0.00935         3428.0          0.935
     178     152       1         0.0084         3816.0           0.84
     155     154       1         0.0332          963.0           3.32
     154     157       1         0.0602          531.0           6.02
     154     157       1         0.0537          595.0           5.37
     154     159       1         0.0225         1421.0           2.25
     154     159       1         0.0238         1342.0           2.38
     154     164       1         0.0172         1859.0           1.72
     154     166       1         0.0106        2253.37           1.06
     155     156       1         0.0181         1771.0           1.81
     155     166       1         0.0226         1415.0           2.26
     156     160       1         0.0965          331.0           9.65
     157     158       1         0.0058         5523.0           0.58
     157     163       1         0.0878          363.0           8.78
     157     164       1         0.0392          815.0           3.92
     157     165       1         0.0374          854.0           3.74
     157     165       1         0.0372          858.0           3.72
     159     165       1          0.034          937.0            3.4
     159     165       1         0.0349          915.0           3.49
     160     161       1         0.0141         2272.0           1.41
     163     162       1         0.0195         1644.0           1.95
     167     168       1        0.02338         1370.0          2.338
     169     170       1         0.0247         1297.0           2.47
     171     172       1         0.0323          992.0           3.23
     173     174       1        0.02659         1204.0          2.659
     175     176       1        0.02662         1203.0          2.662
     177     178       1        0.02517         1273.0          2.517

Generation and demand by bus: 91
Bus G D
       1            0.0         926.77
       3        994.085          46.71
       4            0.0        1271.04
       5        1084.63          48.57
       7            0.0         113.45
       8         2652.8           50.0
       9            0.0          67.39
      10        2402.61          47.87
      11            0.0          41.43
      12       1929.025          48.55
      14       3479.425          46.55
      15            0.0         434.68
      16            0.0         459.25
      17        1305.43          51.79
      18            0.0         327.45
      29       6392.915           49.3
      30            0.0        2376.39
      33            0.0        1692.19
      34        5083.72          45.09
      35       2254.335          51.16
      39        191.725          51.45
      40            0.0          69.79
      42        400.445          49.01
      43            0.0        1098.25
      44       2010.625          52.83
      46         152.35          53.25
      47            0.0          55.04
      49            0.0         172.41
      50            0.0         115.98
      53            0.0           74.1
      54            0.0         427.39
      56            0.0          62.17
      57            0.0          59.47
      58            0.0         480.82
      60            0.0         185.63
      61            0.0          96.01
      64       2932.815          46.97
      65            0.0         774.37
      66            0.0           78.5
      69       1239.795          51.91
      70            0.0        1486.08
      74            0.0        1223.08
      75            0.0        1617.77
      76       7403.065          54.24
      77            0.0        1780.83
      78      10354.215          53.91
      79            0.0        2289.75
      84            0.0         307.42
     100            0.0         107.66
     101            0.0          23.75
     102        737.535          54.62
     103            0.0          167.6
     104            0.0          14.28
     105            0.0           3.78
     106            0.0         131.26
     107            0.0          28.61
     108            0.0         427.13
     109            0.0          19.35
     111       1328.115          54.11
     112            0.0          75.99
     115        805.425          51.07
     116            0.0         438.16
     117        4482.46          54.76
     118            0.0        2650.16
     135            0.0         414.72
     136            0.0          95.26
     137        1178.09          46.32
     138            0.0         471.17
     139       3469.755          48.52
     140            0.0        1730.28
     141            0.0         107.93
     142            0.0         174.36
     143       1866.725          45.88
     144            0.0        1540.95
     147       2041.235          53.68
     148        2590.31          49.94
     149            0.0        1578.86
     150            0.0         559.23
     151            0.0         191.17
     153            0.0         511.38
     154            0.0         210.22
     155            0.0          16.91
     156            0.0          79.39
     157            0.0          53.01
     158       2214.085           53.7
     160            0.0         137.66
     161        501.625          47.79
     163            0.0          15.05
     164            0.0          73.31
     165            0.0         171.78
     166            0.0          95.68
