Bus data: 300

Existing lines: 411
Bfr Bto Nc X Cap. Cost
      31     266       1        0.00046         9900.0     0.0
     266     270       1        0.00348         8215.0     0.0
     266     271       1        0.43682           68.0     0.0
     266     273       1        0.64898           46.0     0.0
     270     292       1        0.37486           79.0     0.0
     270     293       1        0.37486           79.0     0.0
     270     294       1        0.38046           78.0     0.0
     270     295       1          0.152          193.0     0.0
     270     296       1            0.8           37.0     0.0
     271     272       1        0.24666          117.0     0.0
     271     268       1        0.49332           59.0     0.0
     271     268       1        0.49332           59.0     0.0
     273     267       1        0.43286           67.0     0.0
     273     267       1        0.43286           67.0     0.0
     267     274       1        0.07026          332.0     0.0
     274     276       1        0.95278           21.0     0.0
     274     275       1         2.8152           11.0     0.0
     267     277       1         3.2202            9.0     0.0
     276     278       1          3.944            8.0     0.0
     276     279       1         3.6152            8.0     0.0
     272     297       1         2.9668           10.0     0.0
     272     298       1          2.057           15.0     0.0
     272     268       1        0.24666          116.0     0.0
     268     280       1         4.6724            7.0     0.0
     268     281       1         4.8846            6.0     0.0
     268     282       1         4.8056            7.0     0.0
     268     291       1        0.06352          302.0     0.0
     291     269       1        0.02894          611.0     0.0
     269     288       1          2.456           12.0     0.0
     269     289       1         5.4536            6.0     0.0
     269     290       1         1.6994           18.0     0.0
     268     283       1         1.3912           21.0     0.0
     268     284       1         3.4572            9.0     0.0
     268     285       1         1.6729           18.0     0.0
     268     286       1         2.5712           12.0     0.0
     268     287       1         2.9668           10.0     0.0
     273     299       1        0.99036           29.0     0.0
     294     300       1           0.75           40.0     0.0
       1       5       1          0.006         4823.0     0.0
       2       6       1          0.009         3240.0     0.0
       2       8       1          0.027         1061.0     0.0
       3       7       1          0.003         9778.0     0.0
       3      18       1          0.069          423.0     0.0
       3     129       1          0.007         4149.0     0.0
       4      16       1          0.019         1536.0     0.0
       5       9       1          0.029          991.0     0.0
       7      12       1          0.009         3240.0     0.0
       7     110       1          0.007         4149.0     0.0
       8      11       1         0.0595          482.0     0.0
       8      14       1          0.042          668.0     0.0
       9      11       1          0.027         1061.0     0.0
      11      13       1          0.034          840.0     0.0
      12      20       1          0.015         1939.0     0.0
      13      19       1          0.034          850.0     0.0
      14      15       1          0.042          663.0     0.0
      15      31       1          0.248          115.0     0.0
      15      74       1          0.248          110.0     0.0
      15      75       1          0.363           79.0     0.0
      16      36       1          0.022         1328.0     0.0
      18      20       1          0.018         1620.0     0.0
      18      72       1           0.08          362.0     0.0
      19      21       1          0.033          800.0     0.0
      19      26       1          0.186          148.0     0.0
      20      23       1          0.034          857.0     0.0
      21      22       1          0.111          240.0     0.0
      22      24       1          0.039          677.0     0.0
      23     231       1          0.068          430.0     0.0
      24      25       1          0.071          369.0     0.0
      25      26       1           0.12          229.0     0.0
      25     232       1           0.13          215.0     0.0
      27      28       1          0.063          466.0     0.0
      27      32       1          0.012         2393.0     0.0
      27      34       1          0.029          991.0     0.0
      27      35       1          0.043          674.0     0.0
      28      36       1          0.008         3639.0     0.0
      29      60       1           0.06          480.0     0.0
      29      63       1          0.014         1926.0     0.0
      29      64       1          0.029          957.0     0.0
      30      73       1          0.027         1075.0     0.0
      31      32       1          0.047          616.0     0.0
      31      34       1          0.064          434.0     0.0
      31      35       1          0.036          786.0     0.0
      31      43       1          0.081          355.0     0.0
      31      74       1          0.254          108.0     0.0
      31      75       1          0.127          217.0     0.0
      32      35       1          0.037          775.0     0.0
      32      37       1          0.087          317.0     0.0
      33      36       1         0.0064         4564.0     0.0
      34      42       1          0.154          188.0     0.0
      35      36       1          0.029         1012.0     0.0
      35      43       1          0.191          146.0     0.0
      35      44       1          0.089          312.0     0.0
      36      40       1          0.014         2075.0     0.0
      37      38       1          0.072          384.0     0.0
      37      42       1          0.262          106.0     0.0
      37      46       1          0.039          714.0     0.0
      38      41       1          0.084          333.0     0.0
      38      47       1          0.084          332.0     0.0
      39      52       1          0.041          706.0     0.0
      39      62       1          0.054          536.0     0.0
      40      68       1          0.042          694.0     0.0
      41      61       1          0.145          191.0     0.0
      41      92       1          0.118          234.0     0.0
      42      87       1          0.062          439.0     0.0
      43      44       1          0.094          297.0     0.0
      44      45       1          0.109          255.0     0.0
      45      48       1           0.08          348.0     0.0
      46      47       1          0.073          381.0     0.0
      47      48       1          0.103          270.0     0.0
      48      49       1          0.169          162.0     0.0
      49      50       1           0.08          318.0     0.0
      49      55       1          0.537           53.0     0.0
      50      51       1          0.026         1067.0     0.0
      51      53       1          0.013         2231.0     0.0
      52      54       1          0.065          447.0     0.0
      54      56       1          0.105          277.0     0.0
      54     123       1          0.007         4149.0     0.0
      55     236       1          0.172          169.0     0.0
      57     190       1          0.232          124.0     0.0
      57      66       1          0.157          178.0     0.0
      58      59       1            0.1          280.0     0.0
      58     237       1         0.1234          235.0     0.0
      59      60       1          0.131          216.0     0.0
      59      61       1          0.099          281.0     0.0
      60      64       1          0.087          331.0     0.0
      60     238       1          0.193          151.0     0.0
      61      63       1          0.057          483.0     0.0
      61      66       1          0.052          534.0     0.0
      62      73       1          0.027         1075.0     0.0
      62     240       1         0.2013          145.0     0.0
      63      64       1          0.043          640.0     0.0
      64      65       1          0.006         4823.0     0.0
      64      67       1           0.07          411.0     0.0
      64     239       1         0.2676          104.0     0.0
      64     241       1         0.2127          130.0     0.0
      65      66       1          0.022         1287.0     0.0
      65      69       1          0.036          815.0     0.0
      66     190       1          0.375           76.0     0.0
      67     190       1          0.107          269.0     0.0
      68     173       1          0.033          884.0     0.0
      68     174       1          0.033          884.0     0.0
      70      71       1          0.064          455.0     0.0
      71      72       1          0.093          313.0     0.0
      71     234       1          0.048          607.0     0.0
      74      76       1          0.119          230.0     0.0
      75      77       1          0.174          166.0     0.0
      76      78       1          0.253          108.0     0.0
      76      79       1          0.077          367.0     0.0
      77      84       1          0.144          202.0     0.0
      77      86       1          0.092          314.0     0.0
      78      79       1          0.427           58.0     0.0
      79      82       1          0.053          512.0     0.0
      79      83       1          0.092          295.0     0.0
      79      84       1          0.122          224.0     0.0
      80      82       1          0.064          430.0     0.0
      80      83       1          0.121          234.0     0.0
      81      87       1          0.135          203.0     0.0
      81      88       1          0.004         6559.0     0.0
      81      89       1          0.354           83.0     0.0
      81      90       1          0.174          163.0     0.0
      82      83       1          0.038          712.0     0.0
      83      85       1          0.064          381.0     0.0
      84      86       1          0.062          453.0     0.0
      85      88       1           0.13          195.0     0.0
      85     233       1          0.124          223.0     0.0
      86      87       1          0.088          331.0     0.0
      86      90       1            0.4           69.0     0.0
      88     235       1          0.208          133.0     0.0
      89      90       1          0.184          149.0     0.0
      89      92       1          0.274          101.0     0.0
      89      93       1          0.393           72.0     0.0
      90      91       1          0.404           69.0     0.0
      91      93       1          0.042          648.0     0.0
      94     101       1         0.0199         1451.0     0.0
      95      99       1         0.1049          280.0     0.0
      96      97       1         0.0018         9900.0     0.0
      97      98       1         0.0271         1083.0     0.0
      97     245       1         0.6163           48.0     0.0
     245      99       1        -0.3697           80.0     0.0
      97     100       1         0.2915          101.0     0.0
      98      99       1         0.0339          866.0     0.0
      98     100       1         0.0582          504.0     0.0
     101     102       1         0.2344          119.0     0.0
     101     104       1         0.3669           78.0     0.0
     102     103       1         0.1076          259.0     0.0
     102     104       1         0.1414          197.0     0.0
     104     105       1         0.0197         1489.0     0.0
     105     106       1         0.0405          717.0     0.0
     105     108       1         0.1106          264.0     0.0
     105     111       1         0.1688          173.0     0.0
     105     136       1           0.05          584.0     0.0
     105     137       1         0.0538          540.0     0.0
     105     148       1         0.1157          251.0     0.0
     106     107       1         0.0577          506.0     0.0
     106     113       1         0.0336          864.0     0.0
     106     147       1         0.0577          506.0     0.0
     107     109       1         0.0773          378.0     0.0
     107     112       1         0.0193         1507.0     0.0
     108     109       1         0.0752          389.0     0.0
     108     112       1         0.0186         1568.0     0.0
     109     111       1         0.0164         1781.0     0.0
     109     130       1         0.0165         1769.0     0.0
     109     146       1         0.0793          369.0     0.0
     109     147       1         0.0784          373.0     0.0
     112     116       1         0.0117         2481.0     0.0
     112     147       1         0.0193         1507.0     0.0
     112     148       1         0.0186         1568.0     0.0
     112     150       1         0.0101         2904.0     0.0
     113     114       1         0.0293          991.0     0.0
     113     163       1         0.0381          766.0     0.0
     114     115       1         0.0623          466.0     0.0
     115     116       1          0.089          327.0     0.0
     115     131       1          0.039          745.0     0.0
     116     119       1         0.0114         2551.0     0.0
     116     160       1         0.0034         8536.0     0.0
     116     165       1         0.0151         1941.0     0.0
     116     167       1         0.0034         8536.0     0.0
     118     151       1         0.2248          127.0     0.0
     119     120       1         0.0836          348.0     0.0
     119     121       1         0.1132          257.0     0.0
     119     124       1         0.3369           87.0     0.0
     119     125       1         0.3031           96.0     0.0
     119     126       1         0.3492           84.0     0.0
     119     161       1         0.0089         3262.0     0.0
     120     125       1         0.2267          129.0     0.0
     121     122       1          0.057          512.0     0.0
     122     124       1         0.0773          378.0     0.0
     122     128       1         0.0909          320.0     0.0
     124     125       1         0.0588          494.0     0.0
     124     128       1         0.1511          193.0     0.0
     125     126       1         0.0504          576.0     0.0
     127     157       1         0.1526          182.0     0.0
     127     158       1         0.3919           71.0     0.0
     131     132       1         0.0957          304.0     0.0
     132     140       1         0.0288         1001.0     0.0
     133     135       1         0.3161           82.0     0.0
     133     162       1         0.3054           93.0     0.0
     134     140       1         0.0568          507.0     0.0
     136     138       1         0.0098         2984.0     0.0
     137     138       1         0.0285         1024.0     0.0
     137     139       1         0.0448          648.0     0.0
     141     143       1         0.0326          898.0     0.0
     141     144       1         0.0245         1195.0     0.0
     142     143       1         0.0514          569.0     0.0
     144     145       1         0.0123         2385.0     0.0
     146     148       1         0.0178         1640.0     0.0
     151     152       1         0.4843           60.0     0.0
     151     153       1          0.221          129.0     0.0
     152     153       1         0.3331           86.0     0.0
     152     154       1         0.3071           93.0     0.0
     152     155       1         0.5017           56.0     0.0
     154     155       1         0.3626           79.0     0.0
     154     158       1         0.3092           93.0     0.0
     155     156       1         0.0829          339.0     0.0
     156     157       1         0.0847          335.0     0.0
     157     158       1         0.1855          153.0     0.0
     157     159       1          0.029          990.0     0.0
     160     117       1         0.0202         1452.0     0.0
     160     166       1         0.0083         3530.0     0.0
     163     164       1         0.0245         1192.0     0.0
     165     167       1         0.0086         3400.0     0.0
     166     167       1         0.0086         3400.0     0.0
     167     117       1         0.0202         1452.0     0.0
     168     187       1          0.095          292.0     0.0
     168     188       1          0.069          354.0     0.0
     169     210       1         0.0022         9900.0     0.0
     169     219       1         0.0275         1067.0     0.0
     170     171       1          0.048          610.0     0.0
     171     204       1          0.009         3182.0     0.0
     172     184       1          0.063          379.0     0.0
     172     187       1          0.127          217.0     0.0
     173     198       1         0.0286         1020.0     0.0
     173     242       1         0.0355          825.0     0.0
     174     198       1         0.0286         1020.0     0.0
     175     176       1           0.04          693.0     0.0
     175     189       1          0.081          340.0     0.0
     176     177       1           0.06          483.0     0.0
     176     190       1           0.04          687.0     0.0
     177     181       1          0.688           39.0     0.0
     177     182       1          0.046          626.0     0.0
     177     189       1          0.073          388.0     0.0
     177     190       1          0.109          257.0     0.0
     178     179       1          0.135          190.0     0.0
     178     189       1          0.102          268.0     0.0
     179     189       1          0.128          194.0     0.0
     180     183       1          0.183          133.0     0.0
     182     190       1          0.059          491.0     0.0
     183     184       1          0.068          358.0     0.0
     184     185       1          0.446           55.0     0.0
     185     186       1          0.093          249.0     0.0
     185     187       1          0.421           61.0     0.0
     191     194       1         0.0778          372.0     0.0
     192     193       1          0.038          771.0     0.0
     193     194       1         0.0185         1579.0     0.0
     193     221       1         0.0108         2691.0     0.0
     194     195       1         0.0249         1160.0     0.0
     195     196       1         0.0497          589.0     0.0
     196     197       1         0.0456          644.0     0.0
     196     198       1         0.0177         1657.0     0.0
     196     199       1         0.0395          741.0     0.0
     198     216       1         0.0018         9900.0     0.0
     199     197       1         0.0484          605.0     0.0
     199     200       1         0.0295          994.0     0.0
     199     217       1         0.0046         6023.0     0.0
     200     202       1         0.0013         9900.0     0.0
     201     216       1         0.0514          571.0     0.0
     203     204       1          0.064          453.0     0.0
     203     205       1         0.0081         3526.0     0.0
     204     170       1          0.061          481.0     0.0
     205     210       1         0.0212         1384.0     0.0
     206     210       1         0.0472          622.0     0.0
     207     208       1         0.0087         3294.0     0.0
     207     210       1         0.0917          320.0     0.0
     207     213       1         0.0288         1018.0     0.0
     208     169       1         0.0626          469.0     0.0
     210     211       1         0.0069         4250.0     0.0
     210     216       1         0.0006         9900.0     0.0
     211     212       1         0.0485          605.0     0.0
     213     214       1         0.0259         1133.0     0.0
     213     216       1         0.0272         1079.0     0.0
     214     217       1         0.0006         9900.0     0.0
     220     216       1         0.0154         1904.0     0.0
     219     230       1         0.0043         6805.0     0.0
     221     224       1         0.0851          344.0     0.0
     221     226       1         0.0723          401.0     0.0
     222     223       1         0.0355          778.0     0.0
     222     224       1         0.1804          161.0     0.0
     223     225       1         0.0551          502.0     0.0
     224     225       1         0.0732          392.0     0.0
     224     226       1         0.2119          137.0     0.0
     225     226       1         0.1285          224.0     0.0
     226     227       1         0.1215          228.0     0.0
     227     228       1         0.1004          276.0     0.0
     228     229       1         0.1857          150.0     0.0
       3       1       1          0.052          565.0     0.0
       3       2       1          0.052          565.0     0.0
       3       4       1          0.005         5867.0     0.0
       7       5       1          0.039          753.0     0.0
       7       6       1          0.039          753.0     0.0
      10      11       1          0.089          330.0     0.0
      12      10       1          0.053          554.0     0.0
      15      17       1         0.0311          801.0     0.0
      16      15       1          0.038          772.0     0.0
      20      19       1          0.014         2096.0     0.0
      23      22       1          0.064          459.0     0.0
      30      29       1          0.047          625.0     0.0
      39      38       1           0.02         1467.0     0.0
      39      40       1          0.021         1397.0     0.0
      54      53       1          0.059          498.0     0.0
      55      56       1          0.038          772.0     0.0
      61      62       1         0.0244         1203.0     0.0
      68      73       1           0.02         1467.0     0.0
      70      81       1          0.048          612.0     0.0
      71      83       1          0.048          612.0     0.0
      72      78       1          0.046          638.0     0.0
      93     186       1          0.149          197.0     0.0
      95     103       1         0.0174         1616.0     0.0
     100      94       1          0.028         1048.0     0.0
     101     136       1         0.0195         1504.0     0.0
     109     110       1          0.018         1630.0     0.0
     109     129       1          0.014         2096.0     0.0
     111     149       1         0.0402          730.0     0.0
     120     153       1         0.0603          487.0     0.0
     121     154       1         0.0498          589.0     0.0
     122     123       1         0.0833          353.0     0.0
     122     127       1         0.0371          791.0     0.0
     124     159       1         0.0182         1612.0     0.0
     130     149       1         0.0392          749.0     0.0
     132     162       1         0.0639          459.0     0.0
     134     135       1         0.0256         1146.0     0.0
     138      96       1          0.016         1834.0     0.0
     139     103       1         0.0396          741.0     0.0
     142     116       1         0.0384          764.0     0.0
     143     134       1         0.0231         1269.0     0.0
     161     118       1         0.0131         2239.0     0.0
     168     189       1          0.252          117.0     0.0
     172     175       1          0.237          124.0     0.0
     174     191       1         0.0366          802.0     0.0
     179     227       1           0.22          134.0     0.0
     180      57       1          0.098          300.0     0.0
     181     190       1          0.128          230.0     0.0
     183     246       1          0.204          144.0     0.0
     188     177       1          0.211          138.0     0.0
     190     191       1         0.0122         2335.0     0.0
     197     198       1         0.0354          829.0     0.0
     202     203       1         0.0195         1502.0     0.0
     208     209       1         0.0332          884.0     0.0
     213     215       1          0.016         1833.0     0.0
     217     218       1          0.016         1833.0     0.0
     175     246       1           0.02         1467.0     0.0
      98     243       1          0.023         1275.0     0.0
      99     244       1          0.023         1276.0     0.0
     248       2       1         0.0146         2005.0     0.0
     249       3       1        0.01054         2783.0     0.0
     260      53       1         0.0238         1233.0     0.0
     261      54       1        0.03214          913.0     0.0
     265     145       1         0.0154         1905.0     0.0
     254      23       1         0.0289         1015.0     0.0
     247       1       1        0.01953         1502.0     0.0
     263     109       1         0.0193         1520.0     0.0
     250      11       1        0.01923         1526.0     0.0
     253      22       1          0.023         1276.0     0.0
     257      43       1         0.0124         2366.0     0.0
     264     118       1         0.0167         1757.0     0.0
     251      12       1         0.0312          941.0     0.0
     252      17       1        0.01654         1774.0     0.0
     255      33       1        0.03159          929.0     0.0
     259      49       1        0.05347          549.0     0.0
     256      38       1        0.18181          162.0     0.0
     258      48       1        0.19607          150.0     0.0
     262      59       1        0.06896          426.0     0.0

Candidate lines: 411
Bfr Bto Nc X Cap. Cost
      31     266       1        0.00046         9900.0          0.046
     266     270       1        0.00348         8215.0          0.348
     266     271       1        0.43682           68.0         43.682
     266     273       1        0.64898           46.0         64.898
     270     292       1        0.37486           79.0         37.486
     270     293       1        0.37486           79.0         37.486
     270     294       1        0.38046           78.0         38.046
     270     295       1          0.152          193.0           15.2
     270     296       1            0.8           37.0           80.0
     271     272       1        0.24666          117.0         24.666
     271     268       1        0.49332           59.0         49.332
     271     268       1        0.49332           59.0         49.332
     273     267       1        0.43286           67.0         43.286
     273     267       1        0.43286           67.0         43.286
     267     274       1        0.07026          332.0          7.026
     274     276       1        0.95278           21.0         95.278
     274     275       1         2.8152           11.0         281.52
     267     277       1         3.2202            9.0         322.02
     276     278       1          3.944            8.0          394.4
     276     279       1         3.6152            8.0         361.52
     272     297       1         2.9668           10.0         296.68
     272     298       1          2.057           15.0          205.7
     272     268       1        0.24666          116.0         24.666
     268     280       1         4.6724            7.0         467.24
     268     281       1         4.8846            6.0         488.46
     268     282       1         4.8056            7.0         480.56
     268     291       1        0.06352          302.0          6.352
     291     269       1        0.02894          611.0          2.894
     269     288       1          2.456           12.0          245.6
     269     289       1         5.4536            6.0         545.36
     269     290       1         1.6994           18.0         169.94
     268     283       1         1.3912           21.0         139.12
     268     284       1         3.4572            9.0         345.72
     268     285       1         1.6729           18.0         167.29
     268     286       1         2.5712           12.0         257.12
     268     287       1         2.9668           10.0         296.68
     273     299       1        0.99036           29.0         99.036
     294     300       1           0.75           40.0           75.0
       1       5       1          0.006         4823.0            0.6
       2       6       1          0.009         3240.0            0.9
       2       8       1          0.027         1061.0            2.7
       3       7       1          0.003         9778.0            0.3
       3      18       1          0.069          423.0            6.9
       3     129       1          0.007         4149.0            0.7
       4      16       1          0.019         1536.0            1.9
       5       9       1          0.029          991.0            2.9
       7      12       1          0.009         3240.0            0.9
       7     110       1          0.007         4149.0            0.7
       8      11       1         0.0595          482.0           5.95
       8      14       1          0.042          668.0            4.2
       9      11       1          0.027         1061.0            2.7
      11      13       1          0.034          840.0            3.4
      12      20       1          0.015         1939.0            1.5
      13      19       1          0.034          850.0            3.4
      14      15       1          0.042          663.0            4.2
      15      31       1          0.248          115.0           24.8
      15      74       1          0.248          110.0           24.8
      15      75       1          0.363           79.0           36.3
      16      36       1          0.022         1328.0            2.2
      18      20       1          0.018         1620.0            1.8
      18      72       1           0.08          362.0            8.0
      19      21       1          0.033          800.0            3.3
      19      26       1          0.186          148.0           18.6
      20      23       1          0.034          857.0            3.4
      21      22       1          0.111          240.0           11.1
      22      24       1          0.039          677.0            3.9
      23     231       1          0.068          430.0            6.8
      24      25       1          0.071          369.0            7.1
      25      26       1           0.12          229.0           12.0
      25     232       1           0.13          215.0           13.0
      27      28       1          0.063          466.0            6.3
      27      32       1          0.012         2393.0            1.2
      27      34       1          0.029          991.0            2.9
      27      35       1          0.043          674.0            4.3
      28      36       1          0.008         3639.0            0.8
      29      60       1           0.06          480.0            6.0
      29      63       1          0.014         1926.0            1.4
      29      64       1          0.029          957.0            2.9
      30      73       1          0.027         1075.0            2.7
      31      32       1          0.047          616.0            4.7
      31      34       1          0.064          434.0            6.4
      31      35       1          0.036          786.0            3.6
      31      43       1          0.081          355.0            8.1
      31      74       1          0.254          108.0           25.4
      31      75       1          0.127          217.0           12.7
      32      35       1          0.037          775.0            3.7
      32      37       1          0.087          317.0            8.7
      33      36       1         0.0064         4564.0           0.64
      34      42       1          0.154          188.0           15.4
      35      36       1          0.029         1012.0            2.9
      35      43       1          0.191          146.0           19.1
      35      44       1          0.089          312.0            8.9
      36      40       1          0.014         2075.0            1.4
      37      38       1          0.072          384.0            7.2
      37      42       1          0.262          106.0           26.2
      37      46       1          0.039          714.0            3.9
      38      41       1          0.084          333.0            8.4
      38      47       1          0.084          332.0            8.4
      39      52       1          0.041          706.0            4.1
      39      62       1          0.054          536.0            5.4
      40      68       1          0.042          694.0            4.2
      41      61       1          0.145          191.0           14.5
      41      92       1          0.118          234.0           11.8
      42      87       1          0.062          439.0            6.2
      43      44       1          0.094          297.0            9.4
      44      45       1          0.109          255.0           10.9
      45      48       1           0.08          348.0            8.0
      46      47       1          0.073          381.0            7.3
      47      48       1          0.103          270.0           10.3
      48      49       1          0.169          162.0           16.9
      49      50       1           0.08          318.0            8.0
      49      55       1          0.537           53.0           53.7
      50      51       1          0.026         1067.0            2.6
      51      53       1          0.013         2231.0            1.3
      52      54       1          0.065          447.0            6.5
      54      56       1          0.105          277.0           10.5
      54     123       1          0.007         4149.0            0.7
      55     236       1          0.172          169.0           17.2
      57     190       1          0.232          124.0           23.2
      57      66       1          0.157          178.0           15.7
      58      59       1            0.1          280.0           10.0
      58     237       1         0.1234          235.0          12.34
      59      60       1          0.131          216.0           13.1
      59      61       1          0.099          281.0            9.9
      60      64       1          0.087          331.0            8.7
      60     238       1          0.193          151.0           19.3
      61      63       1          0.057          483.0            5.7
      61      66       1          0.052          534.0            5.2
      62      73       1          0.027         1075.0            2.7
      62     240       1         0.2013          145.0          20.13
      63      64       1          0.043          640.0            4.3
      64      65       1          0.006         4823.0            0.6
      64      67       1           0.07          411.0            7.0
      64     239       1         0.2676          104.0          26.76
      64     241       1         0.2127          130.0          21.27
      65      66       1          0.022         1287.0            2.2
      65      69       1          0.036          815.0            3.6
      66     190       1          0.375           76.0           37.5
      67     190       1          0.107          269.0           10.7
      68     173       1          0.033          884.0            3.3
      68     174       1          0.033          884.0            3.3
      70      71       1          0.064          455.0            6.4
      71      72       1          0.093          313.0            9.3
      71     234       1          0.048          607.0            4.8
      74      76       1          0.119          230.0           11.9
      75      77       1          0.174          166.0           17.4
      76      78       1          0.253          108.0           25.3
      76      79       1          0.077          367.0            7.7
      77      84       1          0.144          202.0           14.4
      77      86       1          0.092          314.0            9.2
      78      79       1          0.427           58.0           42.7
      79      82       1          0.053          512.0            5.3
      79      83       1          0.092          295.0            9.2
      79      84       1          0.122          224.0           12.2
      80      82       1          0.064          430.0            6.4
      80      83       1          0.121          234.0           12.1
      81      87       1          0.135          203.0           13.5
      81      88       1          0.004         6559.0            0.4
      81      89       1          0.354           83.0           35.4
      81      90       1          0.174          163.0           17.4
      82      83       1          0.038          712.0            3.8
      83      85       1          0.064          381.0            6.4
      84      86       1          0.062          453.0            6.2
      85      88       1           0.13          195.0           13.0
      85     233       1          0.124          223.0           12.4
      86      87       1          0.088          331.0            8.8
      86      90       1            0.4           69.0           40.0
      88     235       1          0.208          133.0           20.8
      89      90       1          0.184          149.0           18.4
      89      92       1          0.274          101.0           27.4
      89      93       1          0.393           72.0           39.3
      90      91       1          0.404           69.0           40.4
      91      93       1          0.042          648.0            4.2
      94     101       1         0.0199         1451.0           1.99
      95      99       1         0.1049          280.0          10.49
      96      97       1         0.0018         9900.0           0.18
      97      98       1         0.0271         1083.0           2.71
      97     245       1         0.6163           48.0          61.63
     245      99       1        -0.3697           80.0          36.97
      97     100       1         0.2915          101.0          29.15
      98      99       1         0.0339          866.0           3.39
      98     100       1         0.0582          504.0           5.82
     101     102       1         0.2344          119.0          23.44
     101     104       1         0.3669           78.0          36.69
     102     103       1         0.1076          259.0          10.76
     102     104       1         0.1414          197.0          14.14
     104     105       1         0.0197         1489.0           1.97
     105     106       1         0.0405          717.0           4.05
     105     108       1         0.1106          264.0          11.06
     105     111       1         0.1688          173.0          16.88
     105     136       1           0.05          584.0            5.0
     105     137       1         0.0538          540.0           5.38
     105     148       1         0.1157          251.0          11.57
     106     107       1         0.0577          506.0           5.77
     106     113       1         0.0336          864.0           3.36
     106     147       1         0.0577          506.0           5.77
     107     109       1         0.0773          378.0           7.73
     107     112       1         0.0193         1507.0           1.93
     108     109       1         0.0752          389.0           7.52
     108     112       1         0.0186         1568.0           1.86
     109     111       1         0.0164         1781.0           1.64
     109     130       1         0.0165         1769.0           1.65
     109     146       1         0.0793          369.0           7.93
     109     147       1         0.0784          373.0           7.84
     112     116       1         0.0117         2481.0           1.17
     112     147       1         0.0193         1507.0           1.93
     112     148       1         0.0186         1568.0           1.86
     112     150       1         0.0101         2904.0           1.01
     113     114       1         0.0293          991.0           2.93
     113     163       1         0.0381          766.0           3.81
     114     115       1         0.0623          466.0           6.23
     115     116       1          0.089          327.0            8.9
     115     131       1          0.039          745.0            3.9
     116     119       1         0.0114         2551.0           1.14
     116     160       1         0.0034         8536.0           0.34
     116     165       1         0.0151         1941.0           1.51
     116     167       1         0.0034         8536.0           0.34
     118     151       1         0.2248          127.0          22.48
     119     120       1         0.0836          348.0           8.36
     119     121       1         0.1132          257.0          11.32
     119     124       1         0.3369           87.0          33.69
     119     125       1         0.3031           96.0          30.31
     119     126       1         0.3492           84.0          34.92
     119     161       1         0.0089         3262.0           0.89
     120     125       1         0.2267          129.0          22.67
     121     122       1          0.057          512.0            5.7
     122     124       1         0.0773          378.0           7.73
     122     128       1         0.0909          320.0           9.09
     124     125       1         0.0588          494.0           5.88
     124     128       1         0.1511          193.0          15.11
     125     126       1         0.0504          576.0           5.04
     127     157       1         0.1526          182.0          15.26
     127     158       1         0.3919           71.0          39.19
     131     132       1         0.0957          304.0           9.57
     132     140       1         0.0288         1001.0           2.88
     133     135       1         0.3161           82.0          31.61
     133     162       1         0.3054           93.0          30.54
     134     140       1         0.0568          507.0           5.68
     136     138       1         0.0098         2984.0           0.98
     137     138       1         0.0285         1024.0           2.85
     137     139       1         0.0448          648.0           4.48
     141     143       1         0.0326          898.0           3.26
     141     144       1         0.0245         1195.0           2.45
     142     143       1         0.0514          569.0           5.14
     144     145       1         0.0123         2385.0           1.23
     146     148       1         0.0178         1640.0           1.78
     151     152       1         0.4843           60.0          48.43
     151     153       1          0.221          129.0           22.1
     152     153       1         0.3331           86.0          33.31
     152     154       1         0.3071           93.0          30.71
     152     155       1         0.5017           56.0          50.17
     154     155       1         0.3626           79.0          36.26
     154     158       1         0.3092           93.0          30.92
     155     156       1         0.0829          339.0           8.29
     156     157       1         0.0847          335.0           8.47
     157     158       1         0.1855          153.0          18.55
     157     159       1          0.029          990.0            2.9
     160     117       1         0.0202         1452.0           2.02
     160     166       1         0.0083         3530.0           0.83
     163     164       1         0.0245         1192.0           2.45
     165     167       1         0.0086         3400.0           0.86
     166     167       1         0.0086         3400.0           0.86
     167     117       1         0.0202         1452.0           2.02
     168     187       1          0.095          292.0            9.5
     168     188       1          0.069          354.0            6.9
     169     210       1         0.0022         9900.0           0.22
     169     219       1         0.0275         1067.0           2.75
     170     171       1          0.048          610.0            4.8
     171     204       1          0.009         3182.0            0.9
     172     184       1          0.063          379.0            6.3
     172     187       1          0.127          217.0           12.7
     173     198       1         0.0286         1020.0           2.86
     173     242       1         0.0355          825.0           3.55
     174     198       1         0.0286         1020.0           2.86
     175     176       1           0.04          693.0            4.0
     175     189       1          0.081          340.0            8.1
     176     177       1           0.06          483.0            6.0
     176     190       1           0.04          687.0            4.0
     177     181       1          0.688           39.0           68.8
     177     182       1          0.046          626.0            4.6
     177     189       1          0.073          388.0            7.3
     177     190       1          0.109          257.0           10.9
     178     179       1          0.135          190.0           13.5
     178     189       1          0.102          268.0           10.2
     179     189       1          0.128          194.0           12.8
     180     183       1          0.183          133.0           18.3
     182     190       1          0.059          491.0            5.9
     183     184       1          0.068          358.0            6.8
     184     185       1          0.446           55.0           44.6
     185     186       1          0.093          249.0            9.3
     185     187       1          0.421           61.0           42.1
     191     194       1         0.0778          372.0           7.78
     192     193       1          0.038          771.0            3.8
     193     194       1         0.0185         1579.0           1.85
     193     221       1         0.0108         2691.0           1.08
     194     195       1         0.0249         1160.0           2.49
     195     196       1         0.0497          589.0           4.97
     196     197       1         0.0456          644.0           4.56
     196     198       1         0.0177         1657.0           1.77
     196     199       1         0.0395          741.0           3.95
     198     216       1         0.0018         9900.0           0.18
     199     197       1         0.0484          605.0           4.84
     199     200       1         0.0295          994.0           2.95
     199     217       1         0.0046         6023.0           0.46
     200     202       1         0.0013         9900.0           0.13
     201     216       1         0.0514          571.0           5.14
     203     204       1          0.064          453.0            6.4
     203     205       1         0.0081         3526.0           0.81
     204     170       1          0.061          481.0            6.1
     205     210       1         0.0212         1384.0           2.12
     206     210       1         0.0472          622.0           4.72
     207     208       1         0.0087         3294.0           0.87
     207     210       1         0.0917          320.0           9.17
     207     213       1         0.0288         1018.0           2.88
     208     169       1         0.0626          469.0           6.26
     210     211       1         0.0069         4250.0           0.69
     210     216       1         0.0006         9900.0           0.06
     211     212       1         0.0485          605.0           4.85
     213     214       1         0.0259         1133.0           2.59
     213     216       1         0.0272         1079.0           2.72
     214     217       1         0.0006         9900.0           0.06
     220     216       1         0.0154         1904.0           1.54
     219     230       1         0.0043         6805.0           0.43
     221     224       1         0.0851          344.0           8.51
     221     226       1         0.0723          401.0           7.23
     222     223       1         0.0355          778.0           3.55
     222     224       1         0.1804          161.0          18.04
     223     225       1         0.0551          502.0           5.51
     224     225       1         0.0732          392.0           7.32
     224     226       1         0.2119          137.0          21.19
     225     226       1         0.1285          224.0          12.85
     226     227       1         0.1215          228.0          12.15
     227     228       1         0.1004          276.0          10.04
     228     229       1         0.1857          150.0          18.57
       3       1       1          0.052          565.0            5.2
       3       2       1          0.052          565.0            5.2
       3       4       1          0.005         5867.0            0.5
       7       5       1          0.039          753.0            3.9
       7       6       1          0.039          753.0            3.9
      10      11       1          0.089          330.0            8.9
      12      10       1          0.053          554.0            5.3
      15      17       1         0.0311          801.0           3.11
      16      15       1          0.038          772.0            3.8
      20      19       1          0.014         2096.0            1.4
      23      22       1          0.064          459.0            6.4
      30      29       1          0.047          625.0            4.7
      39      38       1           0.02         1467.0            2.0
      39      40       1          0.021         1397.0            2.1
      54      53       1          0.059          498.0            5.9
      55      56       1          0.038          772.0            3.8
      61      62       1         0.0244         1203.0           2.44
      68      73       1           0.02         1467.0            2.0
      70      81       1          0.048          612.0            4.8
      71      83       1          0.048          612.0            4.8
      72      78       1          0.046          638.0            4.6
      93     186       1          0.149          197.0           14.9
      95     103       1         0.0174         1616.0           1.74
     100      94       1          0.028         1048.0            2.8
     101     136       1         0.0195         1504.0           1.95
     109     110       1          0.018         1630.0            1.8
     109     129       1          0.014         2096.0            1.4
     111     149       1         0.0402          730.0           4.02
     120     153       1         0.0603          487.0           6.03
     121     154       1         0.0498          589.0           4.98
     122     123       1         0.0833          353.0           8.33
     122     127       1         0.0371          791.0           3.71
     124     159       1         0.0182         1612.0           1.82
     130     149       1         0.0392          749.0           3.92
     132     162       1         0.0639          459.0           6.39
     134     135       1         0.0256         1146.0           2.56
     138      96       1          0.016         1834.0            1.6
     139     103       1         0.0396          741.0           3.96
     142     116       1         0.0384          764.0           3.84
     143     134       1         0.0231         1269.0           2.31
     161     118       1         0.0131         2239.0           1.31
     168     189       1          0.252          117.0           25.2
     172     175       1          0.237          124.0           23.7
     174     191       1         0.0366          802.0           3.66
     179     227       1           0.22          134.0           22.0
     180      57       1          0.098          300.0            9.8
     181     190       1          0.128          230.0           12.8
     183     246       1          0.204          144.0           20.4
     188     177       1          0.211          138.0           21.1
     190     191       1         0.0122         2335.0           1.22
     197     198       1         0.0354          829.0           3.54
     202     203       1         0.0195         1502.0           1.95
     208     209       1         0.0332          884.0           3.32
     213     215       1          0.016         1833.0            1.6
     217     218       1          0.016         1833.0            1.6
     175     246       1           0.02         1467.0            2.0
      98     243       1          0.023         1275.0            2.3
      99     244       1          0.023         1276.0            2.3
     248       2       1         0.0146         2005.0           1.46
     249       3       1        0.01054         2783.0          1.054
     260      53       1         0.0238         1233.0           2.38
     261      54       1        0.03214          913.0          3.214
     265     145       1         0.0154         1905.0           1.54
     254      23       1         0.0289         1015.0           2.89
     247       1       1        0.01953         1502.0          1.953
     263     109       1         0.0193         1520.0           1.93
     250      11       1        0.01923         1526.0          1.923
     253      22       1          0.023         1276.0            2.3
     257      43       1         0.0124         2366.0           1.24
     264     118       1         0.0167         1757.0           1.67
     251      12       1         0.0312          941.0           3.12
     252      17       1        0.01654         1774.0          1.654
     255      33       1        0.03159          929.0          3.159
     259      49       1        0.05347          549.0          5.347
     256      38       1        0.18181          162.0         18.181
     258      48       1        0.19607          150.0         19.607
     262      59       1        0.06896          426.0          6.896

Generation and demand by bus: 225
Bus G D
       1            0.0           90.0
       2            0.0           56.0
       3            0.0           20.0
       5            0.0          353.0
       6            0.0          120.0
       8            0.0           63.0
       9            0.0           96.0
      10            0.0          153.0
      11            0.0           83.0
      13            0.0           58.0
      14            0.0          160.0
      15            0.0          126.7
      17            0.0          561.0
      19            0.0          605.0
      20            0.0           77.0
      21            0.0           81.0
      22            0.0           21.0
      24            0.0           45.0
      25            0.0           28.0
      26            0.0           69.0
      27            0.0           55.0
      31            0.0           85.0
      32            0.0          155.0
      34            0.0           46.0
      35            0.0           86.0
      37            0.0           39.0
      38            0.0          195.0
      41            0.0           58.0
      42            0.0           41.0
      43            0.0           92.0
      45            0.0           61.0
      46            0.0           69.0
      47            0.0           10.0
      48            0.0           22.0
      49            0.0           98.0
      50            0.0           14.0
      51            0.0          218.0
      53            0.0          227.0
      55            0.0           70.0
      58            0.0           56.0
      59            0.0          116.0
      60            0.0           57.0
      61            0.0          224.0
      63            0.0          208.0
      64            0.0           74.0
      66            0.0           48.0
      67            0.0           28.0
      69          724.0           37.0
      74            0.0           44.2
      75            0.0           66.0
      76           92.5           17.4
      77          180.0           15.8
      78            0.0           60.3
      79            0.0           39.9
      80           46.5           66.7
      81            0.0           83.5
      83            0.0           77.8
      84            0.0           32.0
      85            0.0            8.6
      86            0.0           49.6
      87            0.0            4.6
      88           98.5          112.1
      89            0.0           30.7
      90            0.0           63.0
      91            0.0           19.6
      92            0.0           26.2
      93            0.0           18.2
      97            0.0           14.1
      98         1020.5            0.0
      99            0.0          777.0
     100            0.0          535.0
     101            0.0          229.1
     102            0.0           78.0
     103          160.5          276.4
     104            0.0          514.8
     105            0.0           57.9
     106            0.0          380.8
     114            0.0          169.2
     115            0.0           55.2
     116            0.0          273.6
     117            0.0         1019.2
     118            0.0          595.0
     119            0.0          387.7
     120          148.5          145.0
     121            0.0           56.5
     122          400.0           89.5
     124            0.0           24.0
     125           45.5            0.0
     126          160.0            0.0
     127            0.0           63.0
     128          138.5            0.0
     131          303.0           17.0
     132          121.0            0.0
     133            0.0           70.0
     134            0.0          200.0
     135            0.0           75.0
     136            0.0          123.5
     138            0.0           33.0
     140            0.0           35.0
     141            0.0           85.0
     146            0.0          299.9
     149          165.0          481.8
     150            0.0          763.6
     151            0.0           26.5
     152            0.0          163.5
     154            0.0          176.0
     155          139.0            5.0
     156           62.5           28.0
     157            0.0          427.4
     158            0.0           74.0
     159            0.0           69.5
     160            0.0           73.4
     161            0.0          240.7
     162            0.0           40.0
     163            0.0          136.8
     164          125.0            0.0
     165         1232.5           59.8
     166          812.0           59.8
     167            0.0          182.6
     168            0.0            7.0
     169          257.5            0.0
     170         1070.0          489.0
     171            0.0          800.0
     175            0.0           10.0
     176            0.0           43.0
     177          215.0           64.0
     178            0.0           35.0
     179            0.0           27.0
     180            0.0           41.0
     181            0.0           38.0
     182            0.0           42.0
     183            0.0           72.0
     185            0.0           12.0
     187            0.0            7.0
     188            0.0           38.0
     190            0.0           96.0
     192          144.0            0.0
     193            0.0           22.0
     194            0.0           47.0
     195            0.0          176.0
     196            0.0          100.0
     197            0.0          131.0
     199          230.0          285.0
     200          277.0          171.0
     201          261.5          328.0
     202            0.0          428.0
     203            0.0          173.0
     204            0.0          410.0
     206          218.0          538.0
     207            0.0          223.0
     208            0.0           96.0
     209          229.0            0.0
     210            0.0          159.0
     211            0.0          448.0
     212          170.5          404.0
     213            0.0          572.0
     214            0.0          269.0
     215          440.5            0.0
     217          133.5          255.0
     218          310.5            0.0
     220          563.5            0.0
     221          106.0            0.0
     222          171.0            8.0
     224            0.0           61.0
     225            0.0           77.0
     226            0.0           61.0
     227            0.0           29.0
     228            0.0           29.0
     231            0.0          115.8
     232            0.0            2.4
     233            0.0            2.4
     235            0.0           24.7
     236            0.0          145.3
     237            0.0           28.1
     238            0.0           14.0
     240            0.0           50.5
     241            0.0           29.6
     243            0.0         100.31
     247          284.0            0.0
     248          335.0            0.0
     249          700.5            0.0
     250          334.0            0.0
     251          313.0            0.0
     252          245.0            0.0
     253          110.0            0.0
     254          271.5            0.0
     255          290.0            0.0
     256           66.0            0.0
     257          359.0            0.0
     258           79.0            0.0
     259          167.0            0.0
     260          878.5            0.0
     261          284.0            0.0
     262          101.5            0.0
     263          863.0            0.0
     264         1012.5            0.0
     265          312.0            0.0
     267            0.0            4.2
     268            0.0           2.71
     269            0.0           0.86
     274            0.0           4.75
     275            0.0           1.53
     277            0.0           1.35
     278            0.0           0.45
     279            0.0           0.45
     280            0.0           1.84
     281            0.0           1.39
     282            0.0           1.89
     283            0.0           1.55
     284            0.0           1.66
     285            0.0           3.03
     286            0.0           1.86
     287            0.0           2.58
     288            0.0           1.01
     289            0.0           0.81
     290            0.0            1.6
     292            0.0          35.81
     293            0.0           30.0
     294            0.0          26.48
     295           42.0            0.0
     296           18.5            0.0
     297            0.0           1.02
     298            0.0           1.02
     299            0.0            3.8
     300            0.0           1.19
