Bus data: 73

Existing lines: 120
Bfr Bto Nc X Cap. Cost
       1       2       1          0.014          175.0     0.0
       1       3       1          0.211          175.0     0.0
       1       5       1          0.085          175.0     0.0
       2       4       1          0.127          175.0     0.0
       2       6       1          0.192          175.0     0.0
       3       9       1          0.119          175.0     0.0
       3      24       1          0.084          400.0     0.0
       4       9       1          0.104          175.0     0.0
       5      10       1          0.088          175.0     0.0
       6      10       1          0.061          175.0     0.0
       7       8       1          0.061          175.0     0.0
       7      27       1          0.161          175.0     0.0
       8       9       1          0.165          175.0     0.0
       8      10       1          0.165          175.0     0.0
       9      11       1          0.084          400.0     0.0
       9      12       1          0.084          400.0     0.0
      10      11       1          0.084          400.0     0.0
      10      12       1          0.084          400.0     0.0
      11      13       1          0.048          500.0     0.0
      11      14       1          0.042          500.0     0.0
      12      13       1          0.048          500.0     0.0
      12      23       1          0.097          500.0     0.0
      13      23       1          0.087          500.0     0.0
      13      39       1          0.075          500.0     0.0
      14      16       1          0.059          500.0     0.0
      15      16       1          0.017          500.0     0.0
      15      21       1          0.049          500.0     0.0
      15      21       1          0.049          500.0     0.0
      15      24       1          0.052          500.0     0.0
      16      17       1          0.026          500.0     0.0
      16      19       1          0.023          500.0     0.0
      17      18       1          0.014          500.0     0.0
      17      22       1          0.105          500.0     0.0
      18      21       1          0.026          500.0     0.0
      18      21       1          0.026          500.0     0.0
      19      20       1           0.04          500.0     0.0
      19      20       1           0.04          500.0     0.0
      20      23       1          0.022          500.0     0.0
      20      23       1          0.022          500.0     0.0
      21      22       1          0.068          500.0     0.0
      23      41       1          0.074          500.0     0.0
      25      26       1          0.014          175.0     0.0
      25      27       1          0.211          175.0     0.0
      25      29       1          0.085          175.0     0.0
      26      28       1          0.127          175.0     0.0
      26      30       1          0.192          175.0     0.0
      27      33       1          0.119          175.0     0.0
      27      48       1          0.084          400.0     0.0
      28      33       1          0.104          175.0     0.0
      29      34       1          0.088          175.0     0.0
      30      34       1          0.061          175.0     0.0
      31      32       1          0.061          175.0     0.0
      32      33       1          0.165          175.0     0.0
      32      34       1          0.165          175.0     0.0
      33      35       1          0.084          400.0     0.0
      33      36       1          0.084          400.0     0.0
      34      35       1          0.084          400.0     0.0
      34      36       1          0.084          400.0     0.0
      35      37       1          0.048          500.0     0.0
      35      38       1          0.042          500.0     0.0
      36      37       1          0.048          500.0     0.0
      36      47       1          0.097          500.0     0.0
      37      47       1          0.087          500.0     0.0
      38      40       1          0.059          500.0     0.0
      39      40       1          0.017          500.0     0.0
      39      45       1          0.049          500.0     0.0
      39      45       1          0.049          500.0     0.0
      39      48       1          0.052          500.0     0.0
      40      41       1          0.026          500.0     0.0
      40      43       1          0.023          500.0     0.0
      41      42       1          0.014          500.0     0.0
      41      46       1          0.105          500.0     0.0
      42      45       1          0.026          500.0     0.0
      42      45       1          0.026          500.0     0.0
      43      44       1           0.04          500.0     0.0
      43      44       1           0.04          500.0     0.0
      44      47       1          0.022          500.0     0.0
      44      47       1          0.022          500.0     0.0
      45      46       1          0.068          500.0     0.0
      49      50       1          0.014          175.0     0.0
      49      51       1          0.211          175.0     0.0
      49      53       1          0.085          175.0     0.0
      50      52       1          0.127          175.0     0.0
      50      54       1          0.192          175.0     0.0
      51      57       1          0.119          175.0     0.0
      51      72       1          0.084          400.0     0.0
      52      57       1          0.104          175.0     0.0
      53      58       1          0.088          175.0     0.0
      54      58       1          0.061          175.0     0.0
      55      56       1          0.061          175.0     0.0
      56      57       1          0.165          175.0     0.0
      56      58       1          0.165          175.0     0.0
      57      59       1          0.084          400.0     0.0
      57      60       1          0.084          400.0     0.0
      58      59       1          0.084          400.0     0.0
      58      60       1          0.084          400.0     0.0
      59      61       1          0.048          500.0     0.0
      59      62       1          0.042          500.0     0.0
      60      61       1          0.048          500.0     0.0
      60      71       1          0.097          500.0     0.0
      61      71       1          0.087          500.0     0.0
      62      64       1          0.059          500.0     0.0
      63      64       1          0.017          500.0     0.0
      63      69       1          0.049          500.0     0.0
      63      69       1          0.049          500.0     0.0
      63      72       1          0.052          500.0     0.0
      64      65       1          0.026          500.0     0.0
      64      67       1          0.023          500.0     0.0
      65      66       1          0.014          500.0     0.0
      65      70       1          0.105          500.0     0.0
      66      69       1          0.026          500.0     0.0
      66      69       1          0.026          500.0     0.0
      67      68       1           0.04          500.0     0.0
      67      68       1           0.04          500.0     0.0
      68      71       1          0.022          500.0     0.0
      68      71       1          0.022          500.0     0.0
      69      70       1          0.068          500.0     0.0
      73      21       1          0.097          500.0     0.0
      66      47       1          0.104          500.0     0.0
      71      73       1          0.009          722.0     0.0

Candidate lines: 120
Bfr Bto Nc X Cap. Cost
       1       2       1          0.014          175.0            1.4
       1       3       1          0.211          175.0           21.1
       1       5       1          0.085          175.0            8.5
       2       4       1          0.127          175.0           12.7
       2       6       1          0.192          175.0           19.2
       3       9       1          0.119          175.0           11.9
       3      24       1          0.084          400.0            8.4
       4       9       1          0.104          175.0           10.4
       5      10       1          0.088          175.0            8.8
       6      10       1          0.061          175.0            6.1
       7       8       1          0.061          175.0            6.1
       7      27       1          0.161          175.0           16.1
       8       9       1          0.165          175.0           16.5
       8      10       1          0.165          175.0           16.5
       9      11       1          0.084          400.0            8.4
       9      12       1          0.084          400.0            8.4
      10      11       1          0.084          400.0            8.4
      10      12       1          0.084          400.0            8.4
      11      13       1          0.048          500.0            4.8
      11      14       1          0.042          500.0            4.2
      12      13       1          0.048          500.0            4.8
      12      23       1          0.097          500.0            9.7
      13      23       1          0.087          500.0            8.7
      13      39       1          0.075          500.0            7.5
      14      16       1          0.059          500.0            5.9
      15      16       1          0.017          500.0            1.7
      15      21       1          0.049          500.0            4.9
      15      21       1          0.049          500.0            4.9
      15      24       1          0.052          500.0            5.2
      16      17       1          0.026          500.0            2.6
      16      19       1          0.023          500.0            2.3
      17      18       1          0.014          500.0            1.4
      17      22       1          0.105          500.0           10.5
      18      21       1          0.026          500.0            2.6
      18      21       1          0.026          500.0            2.6
      19      20       1           0.04          500.0            4.0
      19      20       1           0.04          500.0            4.0
      20      23       1          0.022          500.0            2.2
      20      23       1          0.022          500.0            2.2
      21      22       1          0.068          500.0            6.8
      23      41       1          0.074          500.0            7.4
      25      26       1          0.014          175.0            1.4
      25      27       1          0.211          175.0           21.1
      25      29       1          0.085          175.0            8.5
      26      28       1          0.127          175.0           12.7
      26      30       1          0.192          175.0           19.2
      27      33       1          0.119          175.0           11.9
      27      48       1          0.084          400.0            8.4
      28      33       1          0.104          175.0           10.4
      29      34       1          0.088          175.0            8.8
      30      34       1          0.061          175.0            6.1
      31      32       1          0.061          175.0            6.1
      32      33       1          0.165          175.0           16.5
      32      34       1          0.165          175.0           16.5
      33      35       1          0.084          400.0            8.4
      33      36       1          0.084          400.0            8.4
      34      35       1          0.084          400.0            8.4
      34      36       1          0.084          400.0            8.4
      35      37       1          0.048          500.0            4.8
      35      38       1          0.042          500.0            4.2
      36      37       1          0.048          500.0            4.8
      36      47       1          0.097          500.0            9.7
      37      47       1          0.087          500.0            8.7
      38      40       1          0.059          500.0            5.9
      39      40       1          0.017          500.0            1.7
      39      45       1          0.049          500.0            4.9
      39      45       1          0.049          500.0            4.9
      39      48       1          0.052          500.0            5.2
      40      41       1          0.026          500.0            2.6
      40      43       1          0.023          500.0            2.3
      41      42       1          0.014          500.0            1.4
      41      46       1          0.105          500.0           10.5
      42      45       1          0.026          500.0            2.6
      42      45       1          0.026          500.0            2.6
      43      44       1           0.04          500.0            4.0
      43      44       1           0.04          500.0            4.0
      44      47       1          0.022          500.0            2.2
      44      47       1          0.022          500.0            2.2
      45      46       1          0.068          500.0            6.8
      49      50       1          0.014          175.0            1.4
      49      51       1          0.211          175.0           21.1
      49      53       1          0.085          175.0            8.5
      50      52       1          0.127          175.0           12.7
      50      54       1          0.192          175.0           19.2
      51      57       1          0.119          175.0           11.9
      51      72       1          0.084          400.0            8.4
      52      57       1          0.104          175.0           10.4
      53      58       1          0.088          175.0            8.8
      54      58       1          0.061          175.0            6.1
      55      56       1          0.061          175.0            6.1
      56      57       1          0.165          175.0           16.5
      56      58       1          0.165          175.0           16.5
      57      59       1          0.084          400.0            8.4
      57      60       1          0.084          400.0            8.4
      58      59       1          0.084          400.0            8.4
      58      60       1          0.084          400.0            8.4
      59      61       1          0.048          500.0            4.8
      59      62       1          0.042          500.0            4.2
      60      61       1          0.048          500.0            4.8
      60      71       1          0.097          500.0            9.7
      61      71       1          0.087          500.0            8.7
      62      64       1          0.059          500.0            5.9
      63      64       1          0.017          500.0            1.7
      63      69       1          0.049          500.0            4.9
      63      69       1          0.049          500.0            4.9
      63      72       1          0.052          500.0            5.2
      64      65       1          0.026          500.0            2.6
      64      67       1          0.023          500.0            2.3
      65      66       1          0.014          500.0            1.4
      65      70       1          0.105          500.0           10.5
      66      69       1          0.026          500.0            2.6
      66      69       1          0.026          500.0            2.6
      67      68       1           0.04          500.0            4.0
      67      68       1           0.04          500.0            4.0
      68      71       1          0.022          500.0            2.2
      68      71       1          0.022          500.0            2.2
      69      70       1          0.068          500.0            6.8
      73      21       1          0.097          500.0            9.7
      66      47       1          0.104          500.0           10.4
      71      73       1          0.009          722.0            0.9

Generation and demand by bus: 60
Bus G D
       1          127.2          108.0
       2          127.2           97.0
       3            0.0          180.0
       4            0.0           74.0
       5            0.0           71.0
       6            0.0          136.0
       7          187.5          125.0
       8            0.0          171.0
       9            0.0          175.0
      10            0.0          195.0
      13          399.0          265.0
      14            0.0          194.0
      15         140.65          317.0
      16         104.65          100.0
      18          250.0          333.0
      19            0.0          181.0
      20            0.0          128.0
      21          250.0            0.0
      22          180.0            0.0
      23          454.3            0.0
      25          127.2          108.0
      26          127.2           97.0
      27            0.0          180.0
      28            0.0           74.0
      29            0.0           71.0
      30            0.0          136.0
      31          187.5          125.0
      32            0.0          171.0
      33            0.0          175.0
      34            0.0          195.0
      37          399.0          265.0
      38            0.0          194.0
      39         140.65          317.0
      40         104.65          100.0
      42          250.0          333.0
      43            0.0          181.0
      44            0.0          128.0
      45          250.0            0.0
      46          180.0            0.0
      47          454.3            0.0
      49          127.2          108.0
      50          127.2           97.0
      51            0.0          180.0
      52            0.0           74.0
      53            0.0           71.0
      54            0.0          136.0
      55          187.5          125.0
      56            0.0          171.0
      57            0.0          175.0
      58            0.0          195.0
      61          399.0          265.0
      62            0.0          194.0
      63         140.65          317.0
      64         104.65          100.0
      66          250.0          333.0
      67            0.0          181.0
      68            0.0          128.0
      69          250.0            0.0
      70          180.0            0.0
      71          454.3            0.0
