Bus data: 89

Existing lines: 210
Bfr Bto Nc X Cap. Cost
      32       5       1        0.00905         1205.0     0.0
      85      44       1        0.02296          909.0     0.0
      19      58       1        0.05899          521.0     0.0
      58      13       1        0.07168          415.0     0.0
      55      62       1        0.00465         1600.0     0.0
      55      25       1        0.01124         1633.0     0.0
      55      64       1        0.00527         1567.0     0.0
      55      57       1        0.00938         1600.0     0.0
      20      88       1         0.0035         8992.0     0.0
      20      35       1        4.41471            8.0     0.0
      20       8       1         0.0916          337.0     0.0
      20       2       1        4.76844            7.0     0.0
      20      61       1        0.08948          339.0     0.0
      20      84       1        0.01189          319.0     0.0
      20      52       1          1.944           16.0     0.0
      88       8       1        0.54676           56.0     0.0
      88      61       1        0.58062           53.0     0.0
      88      84       1        0.06821          446.0     0.0
      79      17       1        0.00386         1435.0     0.0
      79      10       1        0.01138         1468.0     0.0
      79      87       1        0.00325         1435.0     0.0
      79      83       1        0.00339         1600.0     0.0
      35      26       1        0.15887          199.0     0.0
      26      39       1        0.00022       142286.0     0.0
      61      26       1        7.13067            5.0     0.0
      67      26       1        1.07591           29.0     0.0
      40      26       1        0.18612          162.0     0.0
      77      26       1        4.34773            7.0     0.0
      46      26       1        1.06889           30.0     0.0
       3      26       1        0.08652          354.0     0.0
      28      26       1        4.49422            7.0     0.0
      43      26       1        0.02894         1068.0     0.0
      41      26       1        0.26095          121.0     0.0
      35      50       1        0.00022          319.0     0.0
      42      35       1        0.33738           94.0     0.0
       2      35       1        0.10048          305.0     0.0
      61      35       1         0.8648           37.0     0.0
      67      35       1        1.86209           17.0     0.0
      40      35       1        0.15319          192.0     0.0
      77      35       1        4.72578            6.0     0.0
      46      35       1        0.08244          373.0     0.0
       3      35       1        1.77756           18.0     0.0
      52      35       1        2.99258           11.0     0.0
      28      35       1        4.96444            6.0     0.0
      43      35       1        0.81742           37.0     0.0
      41      35       1        0.02961         1038.0     0.0
      50      42       1        0.02022         1545.0     0.0
      39      42       1        0.02026         1544.0     0.0
      44      30       1        0.00041          777.0     0.0
      44       5       1        0.01087         1303.0     0.0
      44       9       1        0.00046          777.0     0.0
      44       5       1        0.00924         1501.0     0.0
      19      47       1        2.63616           12.0     0.0
      19      13       1        0.12866          239.0     0.0
      17      69       1         0.0032         1665.0     0.0
      17      29       1        0.00489         1731.0     0.0
      87      69       1        0.00352         1600.0     0.0
      87       1       1        0.00454         1665.0     0.0
      11       5       1        0.00746         1633.0     0.0
      11      81       1        0.01022         1764.0     0.0
      81      12       1         0.0004         1501.0     0.0
      81      83       1        0.00698         1764.0     0.0
      10      18       1        0.00043         1600.0     0.0
      10      63       1        0.00309         1698.0     0.0
       7      69       1        0.00538         1633.0     0.0
      21      69       1        0.00548         1764.0     0.0
      21      54       1        0.00173         1863.0     0.0
      21      57       1        0.01471         1764.0     0.0
       7      69       1        0.00512         1797.0     0.0
      59      83       1        0.00248         1534.0     0.0
       2      42       1        0.02169          306.0     0.0
      27      57       1        0.00289         1665.0     0.0
       8      36       1        0.00022          358.0     0.0
       8      84       1        0.10047          310.0     0.0
      36      31       1        0.03998          780.0     0.0
       2      61       1        0.99333           32.0     0.0
       2      52       1        3.23231           10.0     0.0
      84      61       1        0.43592           63.0     0.0
      52      61       1        0.01145         2682.0     0.0
       5      76       1        0.00305         1600.0     0.0
       5      63       1        0.01255         1863.0     0.0
       5      89       1        0.00065         1435.0     0.0
       5      71       1        0.00063         1534.0     0.0
       5      56       1        0.00055         1764.0     0.0
       5      48       1        0.00968         1369.0     0.0
       5      60       1        0.00079        39828.0     0.0
       6      34       1        0.00022          397.0     0.0
      67       6       1        7.54533            5.0     0.0
      65       6       1        0.48249           63.0     0.0
      77       6       1        0.12368          254.0     0.0
      28       6       1        0.36342           86.0     0.0
      43       6       1        2.19689           14.0     0.0
      41       6       1        2.39587           13.0     0.0
      48      24       1        0.00213          777.0     0.0
      48      68       1        0.00884         1303.0     0.0
      84      23       1        0.00022          332.0     0.0
      37      54       1        0.00204         1797.0     0.0
      51      54       1        0.00208          777.0     0.0
      33      45       1        0.00022       142286.0     0.0
      67      33       1        0.09339          331.0     0.0
      40      33       1          7.408            5.0     0.0
      33      65       1        0.07292          431.0     0.0
       3      33       1        8.29556            4.0     0.0
      33      16       1        0.56822           56.0     0.0
      45      16       1        0.02624         1189.0     0.0
      74      73       1        0.00317         1271.0     0.0
      74      69       1        0.00498         1501.0     0.0
      86      69       1        0.00508         1731.0     0.0
      67      40       1        0.77307           41.0     0.0
      67      65       1        0.03761          817.0     0.0
      67      77       1        0.59871           53.0     0.0
      67      46       1        1.16036           28.0     0.0
      67       3       1        0.91573           35.0     0.0
      28      67       1        4.47911            7.0     0.0
      43      67       1        0.06327          492.0     0.0
      41      67       1        1.83911           17.0     0.0
      67      16       1        0.10076          307.0     0.0
      40      65       1        2.60471           12.0     0.0
      40      77       1          6.088            5.0     0.0
      40      46       1        0.04809          652.0     0.0
      40       3       1         0.0432          723.0     0.0
      28      40       1        6.76711            5.0     0.0
      43      40       1        1.21418           26.0     0.0
      41      40       1        0.04329          714.0     0.0
      40      16       1        5.23956            6.0     0.0
      47      13       1        0.01718         1817.0     0.0
      73      49       1        0.00694         1271.0     0.0
      73      69       1          0.008         1567.0     0.0
      65      38       1        0.00022       142286.0     0.0
      77      65       1        0.03063         1017.0     0.0
      46      65       1        3.81467            9.0     0.0
       3      65       1        2.61493           13.0     0.0
      28      65       1        0.71938           43.0     0.0
      43      65       1        2.10556           14.0     0.0
      41      65       1        4.29458            7.0     0.0
      16      65       1        0.16109          195.0     0.0
      49      15       1        0.00895         1830.0     0.0
      77      14       1        0.00022          319.0     0.0
      46      77       1          7.768            4.0     0.0
      28      77       1        0.15338          205.0     0.0
      43      77       1        0.65627           47.0     0.0
      41      77       1        0.89156           35.0     0.0
      69      25       1        0.00777         1633.0     0.0
      46       3       1        0.06189          509.0     0.0
      46      31       1        0.05932          520.0     0.0
      43      46       1        2.80262           12.0     0.0
      41      46       1        2.22044           15.0     0.0
      46      16       1        0.07282          432.0     0.0
       3      31       1        0.05538          547.0     0.0
      43       3       1        4.63378            7.0     0.0
      41       3       1        3.72964            9.0     0.0
       3      16       1        0.07415          424.0     0.0
      15      53       1        0.00362         1633.0     0.0
      63      82       1        0.00177         1600.0     0.0
      52      75       1        0.00022       142286.0     0.0
       4      56       1        0.00022         1698.0     0.0
      43      28       1         0.1729          181.0     0.0
      28      41       1         0.1404          224.0     0.0
      43      41       1        0.03171          970.0     0.0
      16      78       1        0.00022          566.0     0.0
      85      58       1        0.06722          470.0     0.0
      85      58       1        0.06388          495.0     0.0
      55      88       1        0.04681          675.0     0.0
      55      20       1        0.04521          699.0     0.0
      70      20       1        5.10806            7.0     0.0
      79      26       1        0.03998          790.0     0.0
      79      50       1        0.04531          698.0     0.0
      44      19       1        0.06155          514.0     0.0
      19       6       1        7.76489            4.0     0.0
      59      42       1        0.04903          645.0     0.0
      27      36       1         0.0478          661.0     0.0
      12      61       1        0.05143          615.0     0.0
      18       2       1         0.0524          603.0     0.0
      70      61       1        0.06431          492.0     0.0
       5      34       1        0.04863          650.0     0.0
      47       6       1        0.08972          351.0     0.0
      13       6       1        0.04836          653.0     0.0
      64      23       1        0.04311          678.0     0.0
      62      84       1        0.04327          711.0     0.0
      37      33       1        0.04903          645.0     0.0
      74      40       1        0.04919          643.0     0.0
      86      67       1        0.05113          618.0     0.0
      24      47       1        0.03923          744.0     0.0
      47      65       1        1.19773           26.0     0.0
      47      77       1         0.2644          120.0     0.0
      47      28       1         0.7368           43.0     0.0
      47      43       1        3.64029            9.0     0.0
      47      41       1        4.45021            7.0     0.0
      73      65       1        0.04371          723.0     0.0
      13      65       1        2.31769           14.0     0.0
      49      77       1        0.04566          692.0     0.0
      49      14       1        0.05096          620.0     0.0
      13      77       1        0.55418           57.0     0.0
      69      46       1        0.04515          700.0     0.0
      69       3       1        0.04778          662.0     0.0
      70      52       1        0.27015          117.0     0.0
      76      13       1        0.05727          552.0     0.0
      76      13       1        0.05606          564.0     0.0
      13      28       1         1.2919           25.0     0.0
      13      43       1        7.26343            5.0     0.0
      25      31       1        0.05035          628.0     0.0
      82      52       1        0.04964          637.0     0.0
      82      72       1        0.04736          667.0     0.0
       4      28       1        0.04876          648.0     0.0
      68      80       1         0.0155         1698.0     0.0
      53      66       1        0.00963         1698.0     0.0
       1      41       1        0.04561          693.0     0.0
      29      43       1        0.04486          705.0     0.0
      54      78       1        0.04326          731.0     0.0
      22      54       1         0.0099         1698.0     0.0

Candidate lines: 210
Bfr Bto Nc X Cap. Cost
      32       5       1        0.00905         1205.0          0.905
      85      44       1        0.02296          909.0          2.296
      19      58       1        0.05899          521.0          5.899
      58      13       1        0.07168          415.0          7.168
      55      62       1        0.00465         1600.0          0.465
      55      25       1        0.01124         1633.0          1.124
      55      64       1        0.00527         1567.0          0.527
      55      57       1        0.00938         1600.0          0.938
      20      88       1         0.0035         8992.0         0.3502
      20      35       1        4.41471            8.0       441.4711
      20       8       1         0.0916          337.0           9.16
      20       2       1        4.76844            7.0       476.8444
      20      61       1        0.08948          339.0          8.948
      20      84       1        0.01189          319.0         1.1889
      20      52       1          1.944           16.0          194.4
      88       8       1        0.54676           56.0        54.6756
      88      61       1        0.58062           53.0        58.0622
      88      84       1        0.06821          446.0         6.8209
      79      17       1        0.00386         1435.0          0.386
      79      10       1        0.01138         1468.0          1.138
      79      87       1        0.00325         1435.0          0.325
      79      83       1        0.00339         1600.0          0.339
      35      26       1        0.15887          199.0        15.8871
      26      39       1        0.00022       142286.0         0.0222
      61      26       1        7.13067            5.0       713.0667
      67      26       1        1.07591           29.0       107.5911
      40      26       1        0.18612          162.0         18.612
      77      26       1        4.34773            7.0       434.7733
      46      26       1        1.06889           30.0       106.8889
       3      26       1        0.08652          354.0          8.652
      28      26       1        4.49422            7.0       449.4222
      43      26       1        0.02894         1068.0         2.8938
      41      26       1        0.26095          121.0        26.0951
      35      50       1        0.00022          319.0         0.0222
      42      35       1        0.33738           94.0        33.7378
       2      35       1        0.10048          305.0         10.048
      61      35       1         0.8648           37.0          86.48
      67      35       1        1.86209           17.0       186.2089
      40      35       1        0.15319          192.0        15.3191
      77      35       1        4.72578            6.0       472.5778
      46      35       1        0.08244          373.0          8.244
       3      35       1        1.77756           18.0       177.7556
      52      35       1        2.99258           11.0       299.2578
      28      35       1        4.96444            6.0       496.4444
      43      35       1        0.81742           37.0        81.7422
      41      35       1        0.02961         1038.0         2.9609
      50      42       1        0.02022         1545.0         2.0218
      39      42       1        0.02026         1544.0         2.0262
      44      30       1        0.00041          777.0          0.041
      44       5       1        0.01087         1303.0          1.087
      44       9       1        0.00046          777.0          0.046
      44       5       1        0.00924         1501.0          0.924
      19      47       1        2.63616           12.0       263.6157
      19      13       1        0.12866          239.0        12.8659
      17      69       1         0.0032         1665.0           0.32
      17      29       1        0.00489         1731.0          0.489
      87      69       1        0.00352         1600.0          0.352
      87       1       1        0.00454         1665.0          0.454
      11       5       1        0.00746         1633.0          0.746
      11      81       1        0.01022         1764.0          1.022
      81      12       1         0.0004         1501.0           0.04
      81      83       1        0.00698         1764.0          0.698
      10      18       1        0.00043         1600.0          0.043
      10      63       1        0.00309         1698.0          0.309
       7      69       1        0.00538         1633.0          0.538
      21      69       1        0.00548         1764.0          0.548
      21      54       1        0.00173         1863.0          0.173
      21      57       1        0.01471         1764.0          1.471
       7      69       1        0.00512         1797.0          0.512
      59      83       1        0.00248         1534.0          0.248
       2      42       1        0.02169          306.0         2.1689
      27      57       1        0.00289         1665.0          0.289
       8      36       1        0.00022          358.0         0.0222
       8      84       1        0.10047          310.0        10.0471
      36      31       1        0.03998          780.0         3.9982
       2      61       1        0.99333           32.0        99.3333
       2      52       1        3.23231           10.0       323.2311
      84      61       1        0.43592           63.0         43.592
      52      61       1        0.01145         2682.0         1.1449
       5      76       1        0.00305         1600.0          0.305
       5      63       1        0.01255         1863.0          1.255
       5      89       1        0.00065         1435.0          0.065
       5      71       1        0.00063         1534.0          0.063
       5      56       1        0.00055         1764.0          0.055
       5      48       1        0.00968         1369.0          0.968
       5      60       1        0.00079        39828.0          0.079
       6      34       1        0.00022          397.0         0.0222
      67       6       1        7.54533            5.0       754.5333
      65       6       1        0.48249           63.0        48.2489
      77       6       1        0.12368          254.0         12.368
      28       6       1        0.36342           86.0        36.3422
      43       6       1        2.19689           14.0       219.6889
      41       6       1        2.39587           13.0       239.5867
      48      24       1        0.00213          777.0          0.213
      48      68       1        0.00884         1303.0          0.884
      84      23       1        0.00022          332.0         0.0222
      37      54       1        0.00204         1797.0          0.204
      51      54       1        0.00208          777.0          0.208
      33      45       1        0.00022       142286.0         0.0222
      67      33       1        0.09339          331.0         9.3391
      40      33       1          7.408            5.0          740.8
      33      65       1        0.07292          431.0          7.292
       3      33       1        8.29556            4.0       829.5556
      33      16       1        0.56822           56.0        56.8222
      45      16       1        0.02624         1189.0          2.624
      74      73       1        0.00317         1271.0          0.317
      74      69       1        0.00498         1501.0          0.498
      86      69       1        0.00508         1731.0          0.508
      67      40       1        0.77307           41.0        77.3067
      67      65       1        0.03761          817.0         3.7609
      67      77       1        0.59871           53.0        59.8711
      67      46       1        1.16036           28.0       116.0356
      67       3       1        0.91573           35.0        91.5733
      28      67       1        4.47911            7.0       447.9111
      43      67       1        0.06327          492.0         6.3271
      41      67       1        1.83911           17.0       183.9111
      67      16       1        0.10076          307.0         10.076
      40      65       1        2.60471           12.0       260.4711
      40      77       1          6.088            5.0          608.8
      40      46       1        0.04809          652.0         4.8089
      40       3       1         0.0432          723.0           4.32
      28      40       1        6.76711            5.0       676.7111
      43      40       1        1.21418           26.0       121.4178
      41      40       1        0.04329          714.0         4.3289
      40      16       1        5.23956            6.0       523.9556
      47      13       1        0.01718         1817.0          1.718
      73      49       1        0.00694         1271.0          0.694
      73      69       1          0.008         1567.0            0.8
      65      38       1        0.00022       142286.0         0.0222
      77      65       1        0.03063         1017.0         3.0631
      46      65       1        3.81467            9.0       381.4667
       3      65       1        2.61493           13.0       261.4933
      28      65       1        0.71938           43.0        71.9378
      43      65       1        2.10556           14.0       210.5556
      41      65       1        4.29458            7.0       429.4578
      16      65       1        0.16109          195.0        16.1089
      49      15       1        0.00895         1830.0          0.895
      77      14       1        0.00022          319.0         0.0222
      46      77       1          7.768            4.0          776.8
      28      77       1        0.15338          205.0        15.3382
      43      77       1        0.65627           47.0        65.6267
      41      77       1        0.89156           35.0        89.1556
      69      25       1        0.00777         1633.0          0.777
      46       3       1        0.06189          509.0         6.1889
      46      31       1        0.05932          520.0          5.932
      43      46       1        2.80262           12.0       280.2622
      41      46       1        2.22044           15.0       222.0444
      46      16       1        0.07282          432.0         7.2822
       3      31       1        0.05538          547.0         5.5382
      43       3       1        4.63378            7.0       463.3778
      41       3       1        3.72964            9.0       372.9644
       3      16       1        0.07415          424.0         7.4151
      15      53       1        0.00362         1633.0          0.362
      63      82       1        0.00177         1600.0          0.177
      52      75       1        0.00022       142286.0         0.0222
       4      56       1        0.00022         1698.0          0.022
      43      28       1         0.1729          181.0        17.2902
      28      41       1         0.1404          224.0          14.04
      43      41       1        0.03171          970.0         3.1711
      16      78       1        0.00022          566.0         0.0222
      85      58       1        0.06722          470.0         6.7219
      85      58       1        0.06388          495.0          6.388
      55      88       1        0.04681          675.0         4.6809
      55      20       1        0.04521          699.0          4.521
      70      20       1        5.10806            7.0       510.8058
      79      26       1        0.03998          790.0         3.9982
      79      50       1        0.04531          698.0         4.5312
      44      19       1        0.06155          514.0         6.1549
      19       6       1        7.76489            4.0       776.4888
      59      42       1        0.04903          645.0         4.9031
      27      36       1         0.0478          661.0         4.7801
      12      61       1        0.05143          615.0          5.143
      18       2       1         0.0524          603.0         5.2399
      70      61       1        0.06431          492.0         6.4311
       5      34       1        0.04863          650.0         4.8632
      47       6       1        0.08972          351.0          8.972
      13       6       1        0.04836          653.0          4.836
      64      23       1        0.04311          678.0         4.3111
      62      84       1        0.04327          711.0         4.3272
      37      33       1        0.04903          645.0         4.9031
      74      40       1        0.04919          643.0         4.9192
      86      67       1        0.05113          618.0         5.1129
      24      47       1        0.03923          744.0         3.9229
      47      65       1        1.19773           26.0       119.7733
      47      77       1         0.2644          120.0          26.44
      47      28       1         0.7368           43.0        73.6798
      47      43       1        3.64029            9.0       364.0289
      47      41       1        4.45021            7.0       445.0207
      73      65       1        0.04371          723.0          4.371
      13      65       1        2.31769           14.0       231.7689
      49      77       1        0.04566          692.0         4.5662
      49      14       1        0.05096          620.0         5.0959
      13      77       1        0.55418           57.0        55.4178
      69      46       1        0.04515          700.0         4.5153
      69       3       1        0.04778          662.0         4.7778
      70      52       1        0.27015          117.0        27.0151
      76      13       1        0.05727          552.0          5.727
      76      13       1        0.05606          564.0         5.6059
      13      28       1         1.2919           25.0       129.1901
      13      43       1        7.26343            5.0        726.343
      25      31       1        0.05035          628.0         5.0352
      82      52       1        0.04964          637.0         4.9638
      82      72       1        0.04736          667.0          4.736
       4      28       1        0.04876          648.0         4.8759
      68      80       1         0.0155         1698.0         1.5499
      53      66       1        0.00963         1698.0          0.963
       1      41       1        0.04561          693.0         4.5609
      29      43       1        0.04486          705.0         4.4862
      54      78       1        0.04326          731.0          4.326
      22      54       1         0.0099         1698.0         0.9901

Generation and demand by bus: 39
Bus G D
       3            0.0           96.7
       6            0.0          295.3
       7       1133.335            0.0
       8            0.0          244.2
      11            0.0          149.3
      13            0.0          238.4
      16            0.0          274.1
      19            0.0          63.66
      20            0.0          118.4
      21         1000.0            0.0
      23            0.0            8.6
      24        333.335            0.0
      26            0.0          402.1
      28            0.0          301.9
      31            0.0          203.8
      32            0.0         361.91
      33            0.0          296.1
      35            0.0          226.3
      37       1333.335            0.0
      40            0.0          296.8
      41            0.0          336.3
      43            0.0          390.5
      44            0.0           37.0
      45         14.155            0.0
      46            0.0          411.3
      47            0.0         347.61
      52            0.0          222.7
      56          800.0            0.0
      58            0.0         355.98
      60        666.665            0.0
      61            0.0          326.9
      67            0.0          531.7
      71          400.0            0.0
      72            0.0          39.34
      77            0.0         637.92
      81          400.0            0.0
      84            0.0         925.91
      88            0.0          17.92
      89          400.0            0.0
